10,5,18,10,2,10,7,11,4,17
3,1,10,16,10,9,14,2,17,12
15,17,4,10,6,16,7,4,13,17
10,12,18,2,11,5,14,9,5,8
10,4,19,15,3,7,9,2,10,13
6,18,6,2,8,15,16,2,13,19
11,10,16,19,1,19,8,19,16,1
5,8,10,18,12,3,6,18,18,13
4,10,14,16,13,12,13,11,4,15
16,9,6,10,1,4,11,10,18,10
8,16,7,14,16,3,2,17,9,16
8,12,4,5,7,13,18,19,10,11
12,12,7,14,15,19,8,9,15,18
4,4,10,4,4,18,19,18,1,4
8,17,11,4,12,1,9,11,16,19
13,6,19,6,19,4,19,2,15,19
8,19,18,12,10,16,9,14,7,17
1,7,12,2,4,17,7,11,3,17
12,13,15,12,17,11,19,15,8,13
16,5,1,3,7,9,6,10,1,3
15,6,5,5,2,18,8,8,10,1
7,12,5,13,18,19,7,10,14,4
16,10,4,18,19,6,3,11,5,6
3,7,13,8,13,2,7,2,18,1
6,6,17,19,5,8,12,4,3,7
7,4,6,11,11,19,14,11,1,9
7,2,18,18,3,19,16,6,2,8
14,9,8,2,9,11,10,1,19,12
7,18,15,10,12,16,2,5,18,18
6,19,6,19,9,12,11,4,19,4
2,11,12,3,19,2,5,13,10,14
8,14,16,5,1,1,13,17,9,11
17,8,12,11,19,18,12,11,15,4
14,6,5,3,16,15,17,13,4,3
8,9,7,14,12,3,19,6,5,5
6,13,7,9,9,3,17,8,18,6
13,11,10,3,12,1,12,9,18,17
15,13,14,7,17,5,17,3,10,10
10,10,1,1,8,6,10,15,10,12
10,4,16,2,4,8,16,2,6,17
6,9,4,18,9,13,12,15,6,6
13,13,11,8,17,10,19,3,5,17
19,10,8,9,3,4,18,14,7,2
9,12,15,19,12,1,2,3,2,18
1,8,1,19,6,7,2,14,16,1
12,11,2,11,1,7,10,17,11,16
16,19,1,3,15,5,10,6,7,15
10,14,12,4,2,15,15,18,16,6
1,7,16,1,1,16,18,15,4,4
4,7,13,12,19,9,17,5,2,10
15,15,5,10,14,13,7,2,12,14
15,3,7,15,5,7,15,19,5,16
15,13,14,12,6,4,15,4,12,19
7,1,19,15,5,6,16,3,12,13
19,19,10,15,16,18,1,8,12,7
5,18,19,4,17,8,14,18,13,19
9,5,12,18,4,8,3,12,15,9
15,13,12,7,7,8,4,14,11,19
19,7,8,15,13,18,16,15,8,5
10,9,19,5,17,2,11,2,6,18
11,10,17,12,17,16,8,10,7,9
10,6,2,17,14,10,14,15,3,17
9,8,17,14,16,7,4,18,18,14
8,9,15,5,17,13,7,9,2,2
2,18,1,16,12,10,11,18,7,18
10,9,5,18,14,7,18,2,18,11
16,1,7,6,10,3,7,7,3,10
19,14,16,3,6,4,8,11,14,15
9,9,2,4,2,6,11,19,11,1
15,1,13,19,2,14,13,9,2,7
14,11,3,13,11,7,18,19,18,7
16,4,14,7,2,10,13,13,12,10
19,19,4,18,16,18,4,8,1,3
19,2,18,15,7,12,4,10,9,3
14,1,17,10,12,17,7,17,6,12
1,6,7,11,5,11,14,8,5,14
19,3,19,9,7,1,13,18,14,6
1,19,7,10,13,10,8,18,4,13
8,13,11,8,3,10,16,4,2,15
1,8,19,9,17,6,4,18,7,2
9,7,6,19,6,15,9,1,4,15
8,3,17,19,11,3,13,2,19,18
13,17,18,3,6,3,6,5,2,9
7,4,9,9,10,19,6,17,7,1
9,13,14,3,15,13,2,15,2,17
11,4,14,8,9,5,4,16,3,13
17,10,16,10,19,3,14,17,5,4
19,13,5,11,6,4,8,9,11,16
2,1,5,18,12,11,15,4,16,5
18,19,19,8,17,17,14,10,6,9
13,16,19,6,10,8,17,12,8,1
8,4,10,2,13,14,6,14,17,9
17,1,1,6,17,16,2,15,15,14
7,4,3,1,16,17,8,4,8,18
13,6,12,15,8,3,2,19,16,13
15,6,18,10,5,3,3,13,10,14
18,11,16,4,18,4,3,3,9,6
16,2,7,11,18,2,1,16,9,9
6,10,6,13,19,19,10,1,19,18
14,9,14,13,1,1,5,13,13,19
12,9,16,3,12,9,14,5,2,10
19,11,15,9,11,18,6,15,8,11
14,14,19,3,10,10,6,11,14,6
16,4,1,15,17,2,3,6,14,1
12,10,16,1,9,6,12,4,18,3
2,6,18,16,8,1,15,14,1,4
3,19,7,5,16,15,12,3,5,2
2,8,14,3,2,10,3,11,14,4
16,4,1,12,10,13,13,3,17,1
5,6,5,17,11,1,11,10,8,13
8,4,18,16,4,14,12,13,2,10
17,4,19,9,19,5,3,16,8,8
12,7,12,2,2,9,2,19,13,7
12,12,9,10,7,15,5,10,15,19
5,7,11,9,14,12,11,17,8,11
7,16,14,3,12,2,4,5,18,9
14,6,9,19,1,11,13,8,17,4
11,8,9,8,8,5,3,18,9,14
12,17,9,19,11,14,8,4,13,18
18,19,4,13,15,13,4,17,13,6
1,9,17,10,11,3,16,16,9,17
12,16,13,9,17,4,1,10,12,16
6,1,19,17,9,6,14,16,4,9
19,4,3,13,17,16,11,5,15,12
8,13,11,11,11,2,6,6,14,13
16,6,12,14,12,13,2,18,18,19
1,19,19,17,17,14,13,11,9,11
18,8,9,9,2,17,5,14,9,2
6,16,3,19,17,8,17,9,18,11
11,16,19,2,16,10,14,9,12,4
13,19,9,8,6,16,8,7,16,17
11,2,12,4,4,12,1,9,10,4
18,5,13,11,8,16,13,12,3,12
8,10,10,8,3,9,3,17,5,3
13,5,9,14,14,13,8,13,12,17
8,12,19,14,4,3,9,15,8,12
7,5,7,2,5,9,4,8,3,1
14,10,7,16,13,13,15,2,8,15
14,12,6,14,19,4,6,2,4,15
5,17,9,16,6,18,11,8,12,18
9,2,7,16,12,9,13,13,4,4
2,7,10,3,1,3,14,3,2,13
10,7,3,15,14,1,1,4,11,9
12,4,3,17,18,19,17,12,12,6
9,6,2,13,9,13,10,15,12,14
6,3,4,5,2,4,16,7,18,8
1,12,9,9,5,19,4,4,16,14
14,14,18,19,3,15,6,9,19,8
12,1,12,18,1,2,9,16,16,16
16,18,17,18,13,11,16,10,13,15
11,18,10,7,1,4,13,13,9,9
6,9,7,10,4,8,5,8,5,6
7,13,2,12,7,1,8,6,5,14
14,2,12,10,9,12,16,8,14,15
11,13,8,19,16,7,2,7,7,3
3,8,5,7,10,11,17,3,11,19
8,17,13,17,4,17,16,18,2,9
6,5,17,7,6,13,18,13,19,7
4,19,4,7,9,18,12,11,4,13
12,14,3,11,16,4,15,19,1,12
16,16,6,2,5,12,2,17,12,11
11,18,11,15,10,18,17,16,11,11
6,15,13,5,8,14,10,6,4,3
9,16,10,6,14,10,10,6,18,12
12,10,2,10,5,10,6,3,16,13
11,7,10,10,19,13,14,15,19,10
1,4,2,9,1,3,18,8,8,9
5,13,6,16,15,7,15,2,17,1
11,9,14,3,18,9,8,19,11,16
5,2,10,18,3,2,18,14,1,5
8,17,16,16,11,2,1,7,5,10
15,8,17,17,12,14,10,5,7,16
14,9,5,19,11,10,5,4,10,19
6,15,3,2,4,15,19,14,10,10
16,12,6,17,9,18,6,7,14,18
8,12,7,4,2,3,11,15,3,1
7,3,3,18,13,2,11,3,5,4
5,12,18,8,11,14,17,1,11,14
12,2,9,10,13,7,11,15,2,5
15,5,13,1,14,10,8,14,8,14
19,5,12,17,14,18,11,1,14,15
12,19,12,18,3,10,3,16,2,11
16,3,12,8,6,5,7,14,17,13
17,18,6,19,1,17,15,11,19,18
10,14,16,8,12,12,1,7,9,2
18,5,15,4,4,18,2,12,3,6
17,14,11,5,13,11,2,4,12,8
3,19,2,10,11,17,10,18,17,1
19,19,4,14,3,11,2,16,2,14
3,7,7,5,17,1,13,17,7,10
16,12,17,18,5,9,10,14,6,16
9,7,12,2,2,11,6,18,6,15
12,13,18,9,5,12,14,10,12,13
1,19,15,6,8,13,12,11,18,19
18,4,9,5,2,15,4,9,3,6
11,14,5,1,4,1,15,13,9,9
10,1,14,13,18,13,9,6,6,11
16,19,6,18,11,1,14,1,17,17
18,12,7,2,1,16,5,4,7,3
8,7,18,9,9,18,7,6,2,6
8,4,11,16,10,9,2,10,6,13
8,17,12,10,15,14,9,5,4,2
19,3,12,9,3,2,19,2,13,11
11,3,9,2,2,6,7,14,17,17
6,15,17,15,7,2,11,2,10,8
1,14,5,12,17,2,12,3,12,17
6,7,16,5,3,1,13,15,14,6
12,6,10,15,4,14,10,15,2,15
6,15,6,1,11,3,7,8,6,8
9,16,10,11,19,12,10,7,2,9
2,19,1,1,16,5,2,13,16,14
18,11,12,9,13,3,19,13,10,18
17,19,12,6,12,11,15,5,13,13
18,13,4,12,9,2,6,13,5,13
13,3,12,4,10,10,17,5,4,3
14,13,7,4,1,7,4,16,13,15
13,9,12,19,1,9,1,11,13,4
4,14,1,17,4,5,9,15,6,9
14,9,3,14,14,15,13,7,12,13
11,12,3,15,14,15,9,15,14,5
2,19,13,17,12,18,6,1,10,8
17,2,14,10,6,6,15,1,13,15
7,17,11,17,5,10,13,2,17,13
10,16,2,15,19,6,4,3,9,1
2,4,16,19,16,18,12,17,9,17
12,16,19,9,1,15,6,17,12,2
4,18,12,13,2,13,4,10,12,7
9,19,18,6,1,6,12,3,6,13
9,4,16,9,12,8,2,13,10,13
19,8,16,11,18,11,16,9,15,16
8,10,14,7,14,9,4,19,15,18
12,5,4,19,13,3,15,13,16,18
8,8,8,14,18,6,10,9,2,9
5,8,18,18,16,18,7,3,10,19
10,18,10,15,17,3,11,9,3,15
4,8,19,5,13,13,6,13,19,7
16,8,15,3,17,5,16,18,3,7
12,15,6,2,6,3,5,16,16,10
11,5,3,7,16,19,19,15,7,9
10,8,13,11,19,16,17,11,13,19
6,7,6,2,16,12,15,18,19,13
9,2,11,9,12,2,2,12,18,18
8,15,11,11,6,10,3,2,2,11
19,3,11,13,17,9,2,5,12,4
15,3,2,12,14,16,15,1,12,5
15,13,3,16,16,1,7,1,6,2
15,3,11,10,18,14,14,11,19,17
5,12,5,9,15,9,17,1,4,4
3,1,2,4,17,17,8,16,18,15
1,9,4,16,19,17,10,15,15,9
8,2,18,11,10,12,14,7,4,16
11,7,1,7,12,3,7,3,19,9
16,1,1,10,14,6,14,19,12,19
10,17,8,14,12,11,9,6,9,17
10,7,17,13,8,11,7,8,4,8
16,15,2,1,14,10,12,2,2,3
10,1,15,2,13,2,4,4,17,13
17,7,4,14,12,19,4,14,18,15
5,15,13,1,8,15,9,3,9,9
15,9,1,15,5,8,3,12,5,16
5,16,12,11,12,16,14,17,2,15
11,6,4,2,18,14,12,17,6,15
1,9,3,15,7,8,18,2,2,7
7,12,13,2,6,19,5,8,10,9
17,17,7,4,19,17,15,16,2,19
7,16,11,15,4,14,10,19,14,17
5,7,3,13,11,6,5,5,15,16
5,13,1,10,5,10,13,15,9,14
18,5,11,13,2,11,4,11,16,5
13,17,4,16,12,17,8,15,4,12
3,2,5,16,9,19,2,18,4,9
8,18,9,17,6,9,7,1,16,2
10,11,19,13,10,7,10,14,8,16
16,13,16,18,16,17,15,4,16,19
17,3,9,16,17,9,7,12,4,19
2,19,14,14,4,1,1,10,5,18
19,7,3,19,9,16,17,1,11,16
5,18,14,9,3,1,16,19,8,18
8,8,2,12,8,5,6,2,3,4
10,1,2,5,11,14,12,10,10,10
10,11,8,18,17,15,3,19,15,7
7,12,7,6,1,18,1,11,6,9
6,13,4,18,15,8,8,4,10,9
4,9,12,16,18,10,18,6,15,15
13,12,2,9,11,13,19,17,7,14
12,6,14,6,19,11,6,11,1,16
13,9,11,3,19,6,9,16,7,17
7,7,5,13,14,9,13,11,4,5
10,9,18,7,19,18,7,15,10,11
6,6,7,17,12,6,16,19,19,13
18,19,9,18,17,12,13,19,3,7
13,9,16,3,15,7,5,17,15,2
5,2,19,13,8,17,4,16,19,17
13,13,18,19,11,18,2,4,3,10
2,11,9,16,17,17,10,15,5,6
9,3,3,4,7,5,15,4,15,8
3,10,14,11,14,14,17,16,6,3
9,4,18,13,17,18,4,4,12,8
11,10,2,12,9,11,9,8,15,14
16,6,7,7,14,11,3,13,15,3
9,19,14,16,14,9,1,19,17,7
6,14,9,5,15,9,12,5,10,18
9,6,6,12,3,15,2,11,19,17
1,5,2,8,17,11,2,17,14,14
3,2,19,18,13,5,9,19,12,7
10,15,11,3,1,18,14,11,5,13
1,17,1,2,1,9,6,6,10,4
2,7,5,6,12,11,10,8,10,5
9,8,14,16,15,5,3,12,1,15
13,6,8,16,11,14,17,19,8,1
13,14,5,9,14,9,10,11,16,2
11,8,19,10,19,19,9,10,14,14
10,8,18,3,7,9,10,8,6,19
17,9,16,14,1,13,5,10,19,2
19,8,4,14,18,6,13,13,11,6
10,4,12,16,10,1,16,2,11,11
12,5,5,17,7,17,11,12,19,13
2,10,16,7,5,6,7,16,12,15
4,2,11,18,4,17,2,4,10,1
1,12,8,19,3,19,3,8,4,16
8,2,9,6,3,14,5,5,17,16
15,16,9,1,5,11,2,10,3,6
1,7,17,11,15,3,18,8,5,3
14,15,15,2,6,2,11,10,12,18
11,2,8,11,12,1,3,7,19,4
2,12,17,10,19,11,12,5,19,16
12,19,8,5,10,2,3,5,6,13
8,13,3,4,15,19,5,16,19,16
1,5,8,9,18,14,17,14,16,13
5,12,18,6,14,17,10,11,12,16
17,11,14,17,14,14,19,8,11,19
6,19,9,11,13,6,5,1,2,4
4,19,18,16,12,11,4,11,10,14
16,9,16,6,8,18,3,17,19,12
12,5,13,13,12,16,14,10,3,2
12,10,19,1,1,2,13,19,9,3
15,2,7,2,1,18,11,8,6,18
8,14,5,9,9,10,19,12,3,11
3,8,12,19,2,10,4,7,9,12
5,14,4,14,9,3,17,19,3,15
17,1,12,4,6,10,15,7,11,14
12,11,11,12,17,1,1,8,7,7
10,3,1,18,9,1,5,4,13,2
16,13,13,18,4,6,17,8,2,11
15,16,3,6,6,1,4,19,12,14
18,15,11,14,13,11,2,13,6,7
4,7,18,7,8,5,8,12,4,13
6,8,16,5,10,14,17,11,4,10
8,4,4,6,3,6,10,19,8,3
14,12,18,14,19,9,13,5,6,6
16,12,9,18,17,3,12,3,3,18
13,9,8,18,12,9,12,9,15,9
6,10,8,2,4,6,11,17,8,4
12,8,1,4,16,11,8,6,16,14
13,5,18,2,19,10,9,19,15,6
11,15,19,13,2,3,11,5,16,14
17,2,6,6,9,16,10,11,9,4
19,9,13,14,4,8,11,16,15,4
4,5,17,3,19,2,13,1,1,13
6,12,16,6,8,18,14,16,9,7
6,7,14,12,1,7,19,11,2,17
5,15,10,5,5,16,10,4,4,6
1,18,18,13,14,16,15,3,13,9
13,9,7,1,7,19,3,8,15,8
19,12,16,3,3,19,9,12,10,14
3,11,2,13,2,6,1,1,7,2
17,18,16,10,9,2,3,11,12,3
6,16,14,14,10,6,18,13,15,2
2,3,9,13,2,19,17,14,4,10
18,15,19,1,16,3,10,15,13,8
17,11,6,10,4,16,19,12,8,15
1,10,1,1,18,5,8,2,9,17
16,6,13,7,1,12,19,3,2,1
11,15,2,4,15,10,13,18,7,11
10,1,5,6,15,12,4,5,3,14
4,3,18,15,3,9,17,13,3,4
12,12,16,6,7,17,18,14,10,4
10,12,8,1,9,11,18,19,3,13
17,14,18,14,3,13,15,2,13,5
14,10,5,9,2,4,3,11,10,11
6,19,19,10,19,10,14,10,4,3
15,17,15,9,7,9,11,1,13,14
2,14,17,4,18,16,11,1,13,13
17,12,2,2,1,14,5,1,6,12
6,13,5,13,11,6,12,12,8,5
1,15,15,15,16,19,2,14,9,17
19,5,16,12,2,7,6,16,11,15
6,16,13,10,10,7,5,5,17,11
15,7,18,4,10,2,8,18,5,10
13,12,10,6,7,5,18,17,19,12
15,10,14,3,17,19,9,3,1,19
1,5,6,12,3,15,12,15,11,13
17,8,17,16,16,5,11,11,7,5
1,15,10,7,18,19,9,9,18,10
9,4,15,19,11,1,9,2,4,7
15,17,16,8,14,6,14,11,10,2
3,6,5,12,19,16,5,19,17,9
15,14,5,16,7,19,16,2,19,3
4,6,5,13,15,9,9,6,12,10
19,19,14,6,8,9,16,11,4,8
8,9,11,5,10,4,18,17,13,8
19,2,9,4,5,5,14,10,14,5
7,7,9,17,11,18,8,9,1,17
16,9,16,8,19,18,18,2,19,6
19,19,15,2,9,4,7,9,12,1
16,14,2,18,1,12,19,13,4,5
14,15,10,13,14,2,19,5,15,9
2,11,10,12,16,1,3,2,1,18
5,17,12,9,1,15,6,11,14,7
15,1,13,6,16,12,3,10,2,19
1,10,2,12,6,10,5,1,15,17
6,15,10,11,11,16,6,9,13,16
16,14,14,7,5,7,17,16,12,10
12,3,7,7,8,4,9,4,1,14
11,14,11,3,17,4,16,9,1,10
12,10,6,12,8,16,7,19,19,13
4,17,19,14,19,5,7,11,19,4
18,6,5,12,1,1,18,5,8,9
6,8,12,10,18,16,11,9,5,8
8,15,5,8,17,5,4,15,2,4
13,13,13,3,11,15,5,9,19,3
19,13,16,11,19,18,1,2,9,16
3,3,18,5,7,15,7,14,10,13
14,18,2,19,14,12,13,12,6,11
1,15,12,1,9,8,19,6,1,7
4,18,15,18,1,14,18,19,9,19
6,16,2,15,2,9,14,14,11,5
17,8,4,18,10,3,1,15,17,17
6,3,14,10,1,15,13,7,1,7
15,8,18,16,13,3,7,19,11,4
10,2,1,7,8,1,18,13,15,1
5,8,7,6,18,16,2,13,10,6
7,12,3,6,1,9,17,5,14,12
1,3,2,4,6,9,10,9,19,2
6,10,5,15,3,7,13,7,9,3
5,4,3,7,10,3,15,12,1,10
15,19,19,6,3,12,1,14,7,18
13,5,13,15,5,15,10,6,18,1
2,19,18,16,8,13,2,12,11,4
1,11,17,17,18,16,2,10,18,10
1,2,12,13,3,7,8,13,14,13
15,5,18,17,9,14,6,7,7,6
3,2,16,17,19,17,4,15,17,12
6,1,3,5,10,1,9,2,16,10
15,10,5,17,12,19,8,17,9,12
14,8,1,5,13,16,1,9,13,2
7,1,12,4,11,8,11,1,14,12
10,15,14,5,10,13,11,3,13,14
4,18,13,16,18,4,3,17,5,7
2,9,12,7,15,3,2,17,3,1
10,14,16,6,3,13,9,18,11,9
3,16,13,3,3,4,1,4,16,19
3,17,18,16,18,11,18,13,2,8
15,13,1,1,9,12,6,17,6,2
12,13,13,19,13,16,12,4,5,2
1,5,8,9,2,9,2,3,12,3
11,16,13,13,7,12,6,1,16,4
10,6,17,7,12,4,18,5,8,13
13,7,9,2,10,14,3,12,18,7
4,1,14,14,6,6,18,3,9,2
3,18,5,14,17,10,17,9,1,5
13,10,7,15,3,17,17,17,10,18
11,16,6,7,18,8,6,13,7,10
14,5,5,7,19,3,6,8,13,10
7,14,3,9,18,1,17,11,7,16
2,19,5,5,15,16,11,5,16,7
10,10,7,9,7,17,17,14,11,12
3,4,19,16,2,5,18,1,2,17
1,13,16,16,7,18,7,4,1,5
2,18,7,10,1,15,2,5,14,11
15,3,17,17,17,7,8,12,18,4
3,3,17,15,16,5,15,5,1,17
1,8,8,4,3,8,12,4,12,18
11,16,17,12,9,8,15,17,16,12
2,5,2,5,4,17,14,8,16,13
19,10,3,15,7,10,7,11,15,12
14,3,8,4,1,6,5,7,3,2
16,8,18,17,9,2,4,9,11,12
3,2,15,15,8,11,4,5,18,9
14,5,18,16,14,13,16,16,12,12
5,17,7,2,17,17,12,18,5,8
1,7,5,10,19,1,10,11,19,6
4,17,6,1,11,6,14,12,16,10
4,9,14,4,12,7,9,10,17,14
13,18,1,9,17,13,18,3,11,19
14,3,4,18,15,1,6,4,9,3
18,16,8,14,12,9,5,16,13,3
3,11,19,5,13,2,10,12,9,16
9,18,12,16,15,4,7,6,18,4
1,18,11,8,11,5,17,9,14,7
8,5,5,9,12,17,13,11,11,2
14,1,7,18,8,19,17,19,18,15
2,16,11,13,5,18,1,17,1,10
19,9,17,10,10,18,9,7,7,18
10,6,11,15,2,7,1,13,6,9
11,17,8,3,5,3,10,19,7,15
16,7,6,19,6,11,19,9,15,14
16,10,12,5,7,1,4,3,13,9
12,10,2,10,19,17,10,4,11,19
7,4,9,5,17,17,4,1,15,15
13,14,18,9,10,17,7,3,15,14
11,14,19,13,16,10,12,17,19,4
9,19,19,6,19,2,8,7,5,10
10,4,15,13,13,11,5,2,10,15
8,17,19,14,4,7,7,11,10,2
3,13,6,6,18,11,19,5,11,1
19,5,10,3,6,15,9,17,12,13
9,9,14,1,4,11,15,2,17,12
19,17,16,11,12,15,11,7,5,4
3,16,15,15,2,13,10,10,1,16
3,8,12,4,14,10,3,18,15,6
1,13,18,14,15,5,6,8,19,9
9,15,14,12,18,4,13,1,1,11
12,16,4,12,16,16,16,18,14,16
5,8,14,2,10,17,17,15,12,13
4,18,2,13,4,13,5,2,11,14
7,5,5,14,12,1,2,6,18,9
19,18,1,5,12,11,18,8,1,1
2,17,14,3,5,5,9,1,14,10
3,2,15,5,8,13,10,14,17,18
3,14,4,2,19,15,1,13,5,3
9,14,18,17,7,11,12,10,3,11
17,3,19,13,1,13,11,19,13,5
12,11,8,9,11,2,8,6,10,11
2,15,2,18,12,10,15,13,5,10
6,15,16,12,1,11,10,1,13,13
1,6,9,4,19,14,18,1,10,14
5,4,16,11,3,5,5,14,11,10
16,4,4,13,13,17,7,14,8,14
2,1,5,17,12,19,12,12,11,18
17,2,6,4,13,19,12,2,18,19
9,4,4,5,10,7,16,8,16,16
15,10,4,1,5,16,11,19,19,13
8,14,4,18,2,17,2,1,19,14
1,13,17,1,14,14,5,2,5,18
1,2,19,19,9,14,6,8,16,18
8,19,8,6,2,13,17,1,5,5
18,5,6,15,9,7,18,5,10,8
15,16,8,12,9,13,8,5,12,8
11,8,11,2,12,10,3,2,12,4
1,18,5,9,17,18,14,13,10,4
6,8,1,6,18,15,2,14,10,6
18,4,1,7,16,19,2,11,15,4
3,11,9,17,9,1,14,17,17,12
6,14,9,11,2,14,9,8,14,1
12,5,18,4,18,14,11,3,12,10
10,1,16,8,8,5,19,2,1,4
12,19,13,10,1,8,6,5,11,1
5,8,9,13,6,7,15,17,4,1
9,12,18,1,13,15,11,7,2,15
7,16,8,1,19,14,16,17,16,6
13,15,17,19,12,10,6,2,6,12
17,18,3,3,19,14,5,18,18,19
18,14,7,4,19,8,2,12,10,8
12,15,1,3,14,13,2,11,16,18
7,18,17,13,2,15,7,14,10,3
9,17,1,2,17,12,15,4,16,19
6,3,17,16,17,1,2,16,12,7
10,2,10,4,8,9,17,7,2,13
1,1,16,13,12,15,16,19,7,19
3,10,10,1,7,3,3,17,13,19
6,4,16,8,1,5,13,5,16,10
16,12,17,8,14,10,16,12,8,10
3,2,14,11,6,16,6,12,11,5
16,17,5,5,4,18,11,6,10,3
17,6,13,8,17,3,17,4,15,5
1,17,18,14,5,6,10,10,17,3
17,10,18,16,11,10,16,15,4,9
10,10,7,7,13,18,11,16,19,9
18,6,3,5,14,19,16,19,3,10
2,15,4,16,2,16,14,13,13,8
14,11,19,7,6,18,1,16,5,2
16,17,1,11,5,11,17,17,4,5
17,10,9,6,18,5,1,3,5,12
5,18,10,11,10,5,5,11,2,2
16,9,2,13,3,1,11,16,7,17
1,2,2,19,1,4,8,14,3,19
15,8,4,5,6,11,14,16,18,5
13,17,1,17,2,5,4,19,13,12
2,12,5,10,14,16,3,15,15,3
2,8,17,9,1,5,11,12,6,5
7,10,4,17,9,2,3,1,2,2
7,7,19,10,16,18,6,3,10,1
17,9,14,1,17,19,9,2,11,4
8,14,19,16,11,15,2,15,14,9
10,18,9,12,15,10,14,5,15,5
12,15,4,4,18,8,8,8,10,12
1,11,17,15,9,13,13,10,6,18
2,1,1,18,8,7,15,19,6,11
11,14,14,7,13,2,17,6,17,19
1,10,19,2,14,9,9,13,10,2
8,3,3,19,9,13,10,17,2,1
3,12,15,13,11,14,12,12,15,9
11,8,17,18,14,9,19,2,14,19
11,4,12,17,13,13,6,13,11,14
10,17,10,4,15,12,17,19,12,9
3,3,4,8,19,10,6,5,6,10
3,1,2,1,17,16,12,14,9,11
4,17,5,9,5,7,4,7,1,8
15,5,9,16,14,7,13,12,2,17
14,16,13,13,10,9,3,3,2,2
15,16,6,19,18,12,7,18,11,19
6,18,6,5,15,7,6,2,14,6
14,6,5,2,8,3,11,7,6,14
8,13,14,17,15,7,11,13,17,9
16,2,2,11,16,5,16,10,19,13
15,7,2,4,10,9,12,14,13,2
10,1,2,9,7,5,16,16,18,1
2,14,13,2,6,7,8,18,5,7
7,6,5,9,3,17,3,6,8,5
16,16,15,11,3,2,8,17,14,15
3,9,2,5,14,8,1,9,11,8
18,19,11,4,5,1,9,17,3,10
10,8,5,13,10,6,6,5,11,9
6,4,2,5,3,6,16,6,5,2
17,8,8,1,4,10,8,18,3,8
6,4,15,15,9,13,14,19,17,5
17,19,16,16,4,1,9,4,16,1
5,11,1,11,10,2,1,10,1,2
16,19,15,2,9,13,17,9,14,11
2,1,2,11,9,18,2,9,15,11
3,16,15,4,7,6,14,13,8,16
9,2,6,17,2,14,15,18,5,3
11,1,15,4,4,6,16,7,17,12
12,10,15,9,15,4,1,3,15,9
18,2,2,16,8,2,3,4,18,2
13,13,14,7,9,2,5,13,8,2
15,16,11,4,9,18,7,4,17,2
2,5,17,15,8,7,12,9,16,13
13,16,6,11,8,4,19,6,5,9
3,6,19,19,17,10,3,10,3,4
13,16,5,14,18,18,14,5,9,15
10,10,7,3,17,8,7,9,6,1
10,13,11,5,9,15,11,8,2,19
6,4,5,9,13,13,15,14,6,19
4,13,17,15,1,6,13,14,6,9
19,9,1,13,1,8,15,8,3,18
3,10,14,1,3,16,2,2,10,14
2,15,1,6,15,1,9,11,6,18
13,9,5,13,19,16,12,9,11,8
17,12,18,12,7,13,2,18,8,16
9,16,19,6,7,11,5,6,17,10
2,16,18,14,15,2,17,15,18,7
7,3,12,2,9,3,18,2,12,2
13,5,7,3,4,16,17,19,17,4
17,7,12,16,2,15,9,5,2,3
3,1,2,14,9,14,8,9,19,1
14,19,15,18,4,17,19,10,3,6
5,18,19,13,19,3,4,16,19,1
11,16,11,17,18,2,17,3,16,10
15,13,11,17,12,15,14,13,7,7
11,10,6,11,19,16,11,18,3,18
7,14,3,11,15,8,2,9,15,9
13,1,10,6,1,3,16,13,12,17
8,3,10,15,17,7,11,16,12,10
5,15,16,1,7,5,2,1,10,10
7,6,18,14,3,12,1,18,2,16
5,4,10,14,14,16,19,19,6,13
4,5,19,10,6,5,1,1,14,5
7,9,16,15,7,2,19,12,9,3
6,2,9,6,2,13,19,14,1,5
11,16,10,13,11,19,2,3,7,2
4,15,18,9,13,16,18,4,18,14
4,18,2,3,15,15,3,11,1,3
8,13,2,5,13,14,1,18,4,15
1,18,5,3,11,4,6,4,16,9
16,3,11,14,11,1,7,2,16,7
15,6,6,14,2,13,9,11,4,14
14,19,3,9,7,17,6,19,1,18
1,3,11,16,18,8,6,2,1,4
13,17,6,1,5,19,13,12,8,11
11,11,2,14,4,15,10,4,8,4
15,11,9,11,10,18,1,5,7,14
11,4,1,3,19,2,3,8,12,18
12,14,1,3,10,11,1,5,12,17
4,3,18,2,4,9,9,2,18,14
9,19,15,19,10,6,2,13,9,14
19,16,15,11,6,11,18,13,1,7
8,12,2,18,13,16,11,13,4,3
17,18,3,2,4,2,2,19,13,6
10,16,9,14,12,12,3,10,10,9
12,4,3,15,15,2,6,13,16,3
15,14,12,19,13,5,14,15,2,16
5,1,16,8,13,18,10,1,7,5
7,15,5,6,3,18,1,14,1,7
5,17,5,9,13,6,1,10,9,13
9,9,15,9,6,1,19,17,2,1
18,18,5,17,15,17,15,3,11,11
11,16,15,3,16,16,12,11,2,3
7,14,4,18,14,16,12,11,17,8
8,16,15,7,4,2,18,12,14,18
11,7,1,8,5,15,2,15,9,3
15,6,1,15,3,2,1,12,4,18
17,6,3,6,8,11,17,4,18,3
15,9,8,16,19,5,19,10,4,4
11,13,5,1,4,11,19,5,3,11
8,7,1,4,6,16,9,11,3,3
16,9,13,5,13,17,6,19,17,6
7,4,11,5,12,14,14,4,17,14
13,12,11,10,10,4,1,7,2,19
5,3,18,1,2,19,2,7,19,18
9,18,19,4,4,19,11,13,19,11
2,12,2,7,15,5,8,17,13,1
10,16,11,10,5,12,19,4,19,18
5,14,19,18,19,14,16,4,14,4
7,15,9,8,11,19,2,2,19,18
18,15,1,9,6,18,4,8,9,13
11,19,17,12,16,9,1,5,4,7
7,17,16,12,9,6,10,15,10,14
16,4,11,6,13,6,4,14,5,2
17,1,15,7,11,17,5,11,18,13
15,9,7,15,11,12,4,18,2,5
15,11,5,3,14,7,2,1,17,2
14,12,16,14,6,6,14,14,7,13
9,8,2,6,5,4,2,12,18,15
13,7,3,10,12,15,17,5,1,17
14,5,7,10,6,4,3,12,18,7
16,17,13,12,18,6,10,16,3,13
13,4,4,15,16,18,2,2,17,7
9,17,14,5,17,11,4,1,4,16
8,8,15,19,12,10,5,12,13,5
18,12,11,14,5,13,13,10,10,19
14,14,14,2,3,6,7,16,2,16
9,9,15,19,2,8,10,9,2,1
14,18,4,12,17,6,12,16,19,10
14,11,12,2,9,12,6,12,9,1
16,2,10,9,17,1,17,5,6,1
6,8,2,11,9,13,10,5,17,14
15,2,15,4,19,1,18,6,3,10
13,8,4,19,8,17,15,19,13,10
8,3,5,6,13,7,2,14,3,19
18,3,13,9,17,3,3,10,7,8
4,11,9,2,18,11,1,12,4,5
15,13,10,5,14,18,9,5,12,7
8,2,19,6,1,6,7,1,19,10
13,15,11,15,12,6,11,3,16,15
3,19,8,1,3,9,15,4,12,3
9,15,5,9,6,1,5,9,2,1
5,13,5,12,11,3,2,2,9,11
12,4,5,1,8,9,2,10,3,8
18,4,13,6,8,18,6,1,13,8
12,17,12,1,9,1,7,19,1,16
1,5,9,17,9,12,13,10,18,3
11,17,17,13,4,5,7,12,19,18
2,11,4,2,7,7,4,2,16,15
4,10,2,15,13,12,9,4,19,5
10,14,13,18,18,2,6,15,15,6
13,17,7,15,4,1,18,16,11,16
1,13,5,16,8,9,4,8,13,5
12,18,9,13,5,14,19,3,9,9
6,1,10,12,5,11,11,12,19,16
4,4,2,19,2,11,18,16,15,18
6,3,19,1,8,11,5,18,11,13
8,13,17,2,16,12,12,12,16,3
5,7,3,18,2,19,4,6,15,5
2,13,14,4,6,6,1,1,2,6
6,5,7,2,14,12,3,5,14,9
14,18,16,10,4,2,16,16,4,4
1,4,6,18,8,7,1,4,15,14
19,13,9,8,1,11,4,15,18,9
2,18,9,18,1,14,8,12,17,6
12,13,16,13,13,3,10,9,12,14
15,3,7,16,6,9,15,13,11,3
13,4,8,17,15,6,3,10,2,17
13,10,11,9,8,4,1,1,15,1
19,3,16,12,3,2,3,7,15,13
12,3,11,15,4,6,1,16,2,10
3,18,6,11,2,11,10,10,15,13
18,4,7,10,14,9,19,7,15,18
13,19,4,5,15,9,2,12,3,14
7,18,1,12,11,7,11,18,15,18
5,7,5,7,15,13,3,18,3,3
4,7,10,11,2,13,2,6,2,14
5,13,7,14,6,2,4,14,5,5
18,4,18,7,9,2,8,3,17,13
9,11,6,6,18,19,7,16,4,12
6,8,13,11,14,13,13,4,3,7
8,9,3,18,3,4,15,17,3,12
17,12,4,15,3,18,17,13,7,11
12,3,19,1,13,17,19,6,13,7
11,12,13,2,14,6,16,17,18,11
16,3,6,9,17,12,6,1,5,18
1,14,13,4,15,18,13,9,7,4
10,2,14,11,18,4,16,14,8,7
7,4,8,14,13,16,12,15,16,5
5,5,3,6,17,14,8,13,9,9
6,15,18,2,3,8,14,7,18,2
2,9,6,7,17,10,14,4,1,7
16,16,10,15,9,7,16,5,1,3
7,4,1,6,6,14,11,19,1,19
3,15,2,3,5,9,12,3,6,18
16,9,2,4,14,2,7,11,14,7
17,19,2,8,13,5,17,16,15,13
14,15,19,19,9,10,14,18,8,11
1,11,9,10,17,6,5,16,11,11
17,14,17,17,1,11,14,13,15,16
8,2,15,7,16,17,14,7,13,19
6,18,10,17,11,12,12,12,13,7
7,11,4,13,15,1,4,7,17,18
13,11,17,9,19,14,12,12,10,9
10,17,12,7,14,14,8,6,11,9
7,7,13,4,14,10,18,1,4,11
13,19,1,5,5,2,19,8,8,11
8,6,16,18,8,1,15,15,19,12
11,2,12,5,17,3,12,15,13,16
5,4,18,3,3,12,6,14,7,4
3,4,3,19,19,19,12,18,15,13
11,6,10,16,3,17,13,3,8,16
5,17,4,16,7,5,14,8,14,2
2,18,2,13,11,4,6,6,11,7
10,2,15,15,3,19,15,6,15,16
18,2,18,11,4,15,11,13,3,16
1,11,3,4,12,5,11,3,15,18
9,9,13,17,5,4,11,18,7,10
10,8,4,4,17,8,1,10,8,10
5,10,11,2,1,7,2,5,18,9
14,1,11,13,8,16,18,19,14,17
9,14,19,16,4,8,10,18,17,4
9,17,7,11,12,7,16,3,11,12
13,9,14,2,3,5,3,1,10,9
2,15,7,17,4,16,14,19,13,18
9,3,14,19,2,18,18,10,6,10
1,2,17,3,3,12,13,13,8,8
14,6,5,10,6,7,2,1,3,9
5,17,4,11,13,10,1,19,11,9
12,1,17,9,8,18,15,18,11,17
16,4,15,3,6,9,8,7,9,8
2,5,15,2,8,12,8,10,1,12
13,2,6,12,18,8,11,6,8,16
16,15,10,11,2,6,10,11,8,9
16,19,12,12,13,13,18,7,10,4
13,6,13,15,6,3,6,6,17,5
14,8,18,16,12,3,8,19,19,6
19,12,1,3,11,7,3,14,5,15
19,16,16,10,19,16,6,1,12,12
14,2,16,1,4,18,17,7,3,4
17,11,8,5,1,11,12,18,4,10
2,9,5,12,8,19,9,1,10,14
17,9,7,15,16,6,12,7,15,6
9,17,12,19,19,1,8,10,12,7
7,13,1,10,16,16,9,2,19,16
8,16,18,12,9,10,6,4,18,18
4,8,19,12,1,18,15,4,18,13
8,11,5,2,19,10,18,3,18,15
5,11,14,1,1,4,11,11,13,16
1,16,1,6,4,12,14,4,3,15
16,4,17,8,12,12,7,10,13,7
5,14,5,11,11,13,11,5,16,5
9,2,13,16,4,14,8,4,17,5
5,2,9,10,14,2,9,7,16,8
8,4,4,12,18,16,4,15,4,9
2,15,13,9,15,16,13,19,18,3
4,18,19,8,11,2,11,4,18,11
3,18,8,11,18,10,1,13,13,13
3,1,17,13,1,7,11,17,6,4
15,7,12,15,2,10,6,7,16,3
19,9,3,8,5,5,12,1,15,8
13,18,6,15,5,16,17,6,14,4
3,6,13,7,11,12,9,9,8,18
5,1,12,12,2,6,6,18,9,10
17,8,7,11,9,2,15,1,15,11
17,9,14,7,6,7,17,6,11,19
15,5,6,1,10,14,18,4,19,9
4,15,12,3,18,19,11,17,11,7
15,13,14,5,16,8,8,1,15,12
9,15,1,10,4,3,17,10,4,10
11,16,15,18,3,12,6,7,12,4
12,17,14,16,13,7,2,1,7,8
9,18,13,16,7,11,15,15,2,11
11,15,18,16,5,7,4,10,2,14
5,5,1,6,3,15,14,13,15,8
14,18,17,8,8,19,9,10,4,15
3,12,8,14,1,3,13,7,10,10
13,14,6,10,4,1,11,15,18,1
6,19,4,19,19,14,18,14,11,14
13,2,4,12,14,1,11,12,14,12
17,19,15,4,9,12,8,6,8,17
11,12,13,17,17,5,5,10,3,9
18,3,14,14,10,11,17,11,5,14
8,14,6,6,18,11,7,16,3,14
15,9,13,11,11,17,5,9,10,9
8,7,5,10,9,12,9,6,7,18
7,11,12,17,7,1,3,7,8,1
9,18,2,7,14,18,3,5,6,13
11,17,6,4,8,14,13,15,6,7
17,7,19,13,11,3,2,11,18,16
6,5,9,9,10,5,2,8,7,4
13,4,19,12,5,12,15,7,1,8
19,5,19,17,15,8,11,8,12,3
12,15,8,7,12,2,3,10,10,2
16,7,9,2,13,5,7,7,7,2
6,2,15,9,11,17,6,4,15,4
10,6,4,11,15,9,9,2,9,2
1,2,19,9,2,2,16,6,7,13
10,17,8,7,14,19,4,4,5,6
14,5,19,10,5,1,12,8,10,18
4,12,4,16,17,17,5,5,10,1
5,2,2,17,18,9,18,15,12,14
4,2,18,8,1,18,4,14,9,1
10,4,16,13,3,11,11,5,18,18
11,19,1,14,5,10,18,13,1,10
11,13,12,17,8,5,17,18,17,14
18,12,16,5,9,9,8,17,8,17
17,8,4,16,19,7,15,1,5,19
10,17,5,19,14,16,8,13,4,9
1,11,10,17,1,1,14,2,16,7
8,5,8,18,7,7,6,8,8,7
9,10,7,19,15,1,7,16,19,9
19,4,7,3,2,19,8,12,13,8
19,8,6,7,3,16,19,16,17,17
8,3,10,4,18,17,13,10,6,16
6,13,15,2,1,10,2,12,13,2
5,18,15,10,10,17,9,12,3,19
11,14,16,1,14,9,15,8,7,6
15,9,17,4,17,5,4,14,8,19
15,14,1,9,6,6,11,16,2,15
8,17,14,18,12,9,5,19,18,7
15,15,13,1,19,19,8,9,8,10
10,16,15,15,7,11,10,1,12,11
3,4,18,8,5,17,8,16,3,12
10,16,5,9,4,11,5,19,8,11
12,4,7,1,18,3,3,11,12,16
2,13,9,6,18,18,4,8,5,9
8,12,16,14,9,10,2,4,4,15
1,18,13,15,19,16,6,4,18,12
13,18,9,13,14,12,15,14,15,5
4,4,14,13,10,19,16,19,12,16
3,10,9,10,10,11,14,8,4,7
10,5,7,7,4,10,14,2,15,15
10,2,4,19,2,16,1,13,19,9
15,13,13,18,3,7,6,11,11,7
7,1,6,8,11,2,3,3,10,4
19,13,11,6,13,6,5,8,1,7
15,18,17,1,12,7,5,15,1,14
8,11,14,7,17,18,4,18,15,3
15,11,2,13,9,2,13,17,17,5
12,1,16,1,17,12,19,17,8,18
1,8,19,16,5,2,11,10,18,7
14,6,8,8,11,1,8,9,14,14
1,6,19,11,15,2,6,10,2,2
1,10,12,19,6,16,14,2,1,6
18,4,10,10,6,3,16,8,10,13
19,8,10,16,5,14,18,16,12,7
15,10,5,12,11,4,15,3,3,6
9,19,6,16,13,10,10,7,18,18
2,11,15,16,17,2,15,7,12,17
7,10,14,5,10,16,18,14,14,13
19,13,18,1,10,14,1,17,17,18
18,7,17,7,3,9,19,10,18,9
3,16,9,12,16,6,14,13,5,12
10,19,13,10,15,1,2,13,5,4
7,12,3,3,7,1,1,1,10,19
12,12,11,6,16,5,12,11,9,12
9,3,17,10,10,3,13,15,1,17
15,18,19,1,14,16,18,11,6,2
17,11,14,6,15,10,18,15,12,10
12,2,19,5,15,15,4,11,7,1
17,3,7,10,13,5,4,1,8,16
10,1,9,1,11,4,18,19,4,10
16,5,16,16,15,7,15,11,4,16
13,5,2,16,18,13,10,11,8,18
9,16,3,18,4,16,5,6,6,15
5,1,19,14,17,18,10,4,17,1
15,11,9,19,12,10,9,14,6,19
19,11,15,3,3,6,12,9,2,2
6,7,9,1,14,4,16,3,17,5
4,2,13,17,17,17,14,3,9,10
7,7,17,15,2,6,15,12,9,10
1,3,15,15,4,10,10,12,5,17
4,2,10,6,13,9,18,10,1,2
3,4,19,5,9,16,12,17,8,7
7,15,13,10,16,8,13,4,19,5
12,12,16,1,19,2,1,3,9,11
4,4,6,12,13,7,16,12,10,17
19,9,2,2,9,10,8,5,10,11
6,16,10,10,16,2,4,6,10,9
9,16,10,1,10,12,17,9,3,17
8,14,14,19,18,16,15,18,17,5
4,6,15,17,14,7,3,1,1,1
4,3,19,2,3,8,4,14,2,2
1,7,3,18,17,4,6,17,5,12
5,12,4,5,6,19,16,1,7,7
3,9,4,11,6,14,12,19,1,6
3,16,19,15,14,7,4,16,13,18
5,1,5,10,18,3,13,1,8,17
16,17,14,8,4,2,15,9,13,15
5,18,15,17,17,13,2,16,5,18
19,14,6,2,14,5,1,5,6,9
4,6,7,10,17,7,12,4,15,14
7,14,19,4,11,9,19,13,6,17
15,8,12,12,2,14,12,6,15,16
15,8,10,3,5,10,3,10,17,18
19,1,11,5,6,15,13,7,4,14
4,12,15,3,7,19,11,10,11,12
10,11,18,12,9,1,12,3,16,2
6,7,9,10,9,19,4,14,7,19
10,19,6,9,4,4,1,13,7,1
2,15,7,1,1,7,4,15,1,16
12,7,2,5,17,11,9,10,14,3
12,14,16,4,2,1,14,9,13,12
187,193,145,147,124,182,187,160,195,128
141,126,146,196,155,148,160,192,197,157
180,159,136,180,181,137,158,199,139,169
143,183,181,193,135,129,120,126,148,135
171,164,159,125,145,123,157,141,163,186
188,133,186,164,133,176,139,198,173,178
196,194,150,156,163,166,182,163,197,131
168,161,183,165,128,151,170,179,130,162
150,176,173,176,170,184,140,171,161,161
144,159,175,139,179,188,136,172,145,179
136,161,126,167,149,141,185,144,184,172
121,156,127,192,144,135,199,147,130,171
164,176,190,162,147,198,120,161,173,148
142,155,179,133,187,143,173,178,159,183
178,122,141,139,125,156,151,186,189,174
157,147,121,165,123,136,174,179,189,154
159,174,125,179,194,137,153,132,127,195
186,193,177,157,129,126,160,159,180,134
175,194,161,179,120,164,153,190,142,147
138,175,197,199,162,123,147,190,197,156
163,177,172,132,192,134,149,127,136,196
127,154,196,147,151,139,165,123,195,138
126,193,186,123,191,193,167,185,173,181
143,171,161,147,161,174,130,143,139,190
180,171,122,145,135,157,172,164,190,124
157,170,199,180,197,198,179,127,133,150
158,130,155,176,198,190,192,165,132,132
195,169,168,122,143,130,157,137,187,136
123,160,149,128,149,120,125,170,179,184
134,192,142,167,145,134,151,173,154,136
159,141,182,178,150,167,132,122,141,132
169,132,183,196,194,162,130,175,160,188
121,161,150,132,127,178,173,177,147,162
166,195,161,195,164,137,140,125,124,188
137,154,128,181,189,137,190,172,170,194
143,148,195,141,166,174,131,161,160,125
120,134,195,163,170,135,148,120,185,133
148,144,139,161,192,192,173,167,139,199
141,167,175,149,171,145,176,135,123,139
155,137,143,129,171,174,192,197,189,197
132,174,125,130,191,167,143,197,124,143
128,198,163,153,127,164,129,195,197,164
155,138,167,124,131,165,171,163,176,182
175,171,151,153,176,166,140,196,171,167
160,123,186,189,159,135,128,122,182,164
142,124,127,194,124,148,195,130,132,186
146,120,121,177,197,179,157,187,188,193
160,127,176,150,188,129,188,152,154,166
135,173,196,124,160,191,164,122,197,158
140,199,132,137,196,166,131,167,142,162
159,186,187,174,147,173,160,137,129,166
190,173,159,133,139,142,192,138,182,122
160,162,184,196,194,192,164,187,197,130
192,134,175,182,146,151,130,159,124,135
194,148,161,143,183,144,173,179,179,184
186,144,145,141,141,122,169,154,158,155
177,195,140,151,131,127,146,133,139,147
167,189,183,146,184,129,177,154,155,183
162,190,126,172,166,124,187,143,156,186
126,174,129,136,131,187,120,184,164,179
168,190,169,135,131,157,140,178,188,146
133,187,163,127,184,175,182,139,125,143
195,135,133,186,146,149,136,180,121,196
178,157,187,195,125,145,162,132,180,157
198,149,194,138,147,134,197,194,192,132
154,140,146,125,174,141,148,195,186,126
173,133,171,128,179,188,181,125,191,145
164,121,184,164,152,192,180,153,147,155
150,180,137,125,134,140,158,199,151,149
179,154,174,162,183,191,159,156,146,160
148,159,163,199,179,179,171,132,137,186
155,166,126,197,148,192,124,196,185,160
161,186,121,134,198,138,128,123,131,187
129,177,152,141,135,168,166,195,145,180
139,189,179,156,162,198,189,188,150,150
170,180,126,172,162,194,170,151,167,182
187,120,123,134,176,143,193,130,134,168
182,193,137,171,125,195,159,192,197,142
143,176,188,134,197,178,124,128,178,154
178,122,189,162,196,127,121,143,129,154
156,195,129,125,128,174,139,140,145,196
126,139,180,127,177,147,193,133,191,124
149,168,192,150,139,137,171,163,197,120
154,138,152,124,183,153,154,139,174,123
181,186,127,122,184,183,175,199,135,180
153,134,170,135,133,138,176,129,167,166
129,139,160,143,173,182,195,165,172,163
182,184,183,125,162,167,122,124,136,191
132,163,166,167,183,161,122,166,139,124
152,170,162,129,132,190,196,175,178,177
146,161,171,160,176,138,122,186,193,158
172,135,179,121,154,175,130,183,153,172
163,122,163,158,122,135,197,161,180,150
140,120,185,159,146,190,177,152,140,181
172,198,134,182,165,132,139,156,165,127
146,160,128,153,185,184,184,155,147,142
127,187,185,140,152,167,136,172,139,172
181,147,129,149,193,142,165,199,191,139
151,178,180,187,133,196,189,120,177,122
187,186,149,189,191,148,160,143,199,194
142,174,120,159,147,176,172,126,123,134
133,136,173,159,127,122,170,147,121,143
154,173,148,173,158,166,147,196,182,124
148,155,179,165,138,155,194,175,183,190
143,196,121,196,189,178,173,181,147,196
197,178,170,128,134,124,161,176,153,172
178,199,176,146,178,174,145,164,122,197
164,150,123,193,158,125,176,194,198,156
148,171,153,139,139,195,167,166,186,141
135,139,138,146,146,141,137,139,160,135
120,127,167,131,175,136,174,121,141,183
197,128,186,166,145,170,191,124,183,133
167,191,129,182,181,142,121,190,120,121
151,185,186,173,120,136,158,140,145,169
134,196,177,177,194,143,151,156,162,165
134,193,175,144,141,132,173,166,190,165
143,127,125,182,163,145,126,152,182,149
127,167,186,167,161,127,187,136,159,191
132,172,145,123,121,147,196,162,163,152
185,149,180,149,147,141,143,198,122,187
136,122,133,150,154,125,139,188,177,175
186,173,141,134,184,152,197,169,137,189
124,143,158,172,126,123,182,168,153,163
184,150,199,194,127,169,166,134,159,156
158,149,190,143,177,124,145,167,127,170
190,128,161,124,129,122,190,192,133,187
123,177,186,173,174,131,185,135,147,149
127,165,147,132,161,171,124,191,154,180
133,169,139,158,166,180,158,125,178,146
143,164,145,183,124,120,138,133,160,196
193,184,133,139,123,186,168,160,179,148
196,170,124,167,181,160,174,175,162,197
196,190,163,148,181,151,164,125,121,159
175,170,185,142,187,132,147,191,124,148
129,178,135,155,127,177,189,189,154,126
171,121,172,172,130,178,179,161,144,149
145,134,144,176,154,181,127,184,191,164
140,174,197,163,168,132,157,195,157,198
138,184,120,184,176,125,174,163,121,127
177,170,181,133,166,131,148,160,167,144
149,196,174,130,193,182,144,198,172,135
163,199,177,145,136,133,170,131,158,138
163,166,164,194,190,129,167,183,132,190
175,186,160,162,140,182,141,139,155,160
169,136,126,134,174,125,127,126,188,124
131,190,136,143,174,158,156,193,152,158
185,163,158,135,195,193,184,122,172,175
126,160,143,127,171,175,142,176,127,147
189,171,175,151,148,172,174,192,152,121
166,193,127,192,138,136,155,182,123,150
194,165,158,121,177,120,133,149,138,190
182,190,162,129,191,140,187,193,132,183
121,140,181,184,176,121,142,138,185,152
165,142,141,130,153,161,135,189,183,144
186,151,192,129,185,176,170,178,165,182
167,197,154,145,171,125,185,161,158,165
161,179,163,143,166,190,143,195,165,165
168,191,172,178,156,143,138,164,175,197
128,183,173,195,194,130,194,175,121,131
147,170,178,179,121,124,196,192,147,192
168,147,197,175,176,164,128,129,164,134
179,152,186,126,131,143,136,142,144,132
140,189,151,125,132,186,185,167,180,179
186,166,138,126,128,137,187,150,189,125
185,166,126,136,163,188,145,155,164,168
127,143,175,120,172,129,130,141,140,191
140,141,196,143,145,194,155,181,194,137
175,125,134,130,141,149,132,140,144,125
168,139,139,136,126,189,135,155,123,165
193,162,194,199,129,155,149,173,145,145
189,152,142,130,194,176,152,131,177,153
189,122,149,161,182,179,144,161,128,143
138,159,194,136,160,166,141,194,194,166
126,162,168,182,131,144,166,189,148,172
142,128,183,154,139,164,189,195,143,188
151,153,144,122,131,194,198,134,127,187
152,152,145,184,135,132,163,135,183,137
169,136,128,164,189,166,147,121,195,150
130,153,169,124,144,191,150,153,168,169
187,198,146,124,138,139,174,163,172,190
196,182,121,149,194,120,148,163,164,123
190,188,136,168,154,154,167,169,186,129
167,166,148,160,124,178,140,126,196,187
135,149,142,178,157,162,169,131,150,148
188,188,158,151,183,193,197,147,153,181
198,182,146,144,133,170,169,172,152,175
129,175,164,171,192,174,189,156,141,149
175,141,132,177,120,180,143,179,169,128
169,126,196,185,157,125,189,168,145,171
124,130,127,134,182,154,188,148,186,171
127,179,171,152,185,142,137,135,189,127
146,188,163,121,136,156,147,172,145,193
164,146,159,183,182,143,186,146,121,199
189,197,177,134,172,155,169,123,193,147
142,145,139,127,165,145,146,127,144,192
182,134,187,129,145,168,160,182,165,159
191,137,158,160,166,176,162,122,153,140
150,178,197,120,133,198,150,196,152,159
146,141,143,136,172,122,140,130,127,153
128,130,175,165,144,137,167,126,146,194
187,120,177,198,180,180,181,196,127,145
127,193,120,129,177,138,197,139,180,193
153,153,194,191,133,185,130,140,192,184
157,151,138,141,157,143,146,165,181,172
124,143,142,197,175,170,151,154,173,145
185,166,126,197,181,197,123,127,186,191
161,120,166,135,191,198,141,191,145,185
196,154,138,178,160,158,120,120,151,138
125,141,158,187,152,157,128,157,126,193
123,131,166,183,126,132,141,155,163,155
132,151,128,145,131,193,177,191,153,173
161,152,149,170,194,162,172,121,138,120
188,128,131,168,122,153,156,134,191,149
178,130,135,185,195,160,148,124,162,190
195,137,199,159,184,169,177,196,134,144
162,124,196,141,152,120,172,136,181,146
198,192,156,160,146,151,145,121,144,121
136,168,138,189,184,151,132,164,167,166
187,128,151,186,172,149,122,169,159,177
135,164,185,157,179,199,155,145,140,159
172,126,150,143,126,198,199,149,162,195
137,158,196,195,197,195,160,188,171,143
167,127,160,174,169,137,182,144,198,140
121,124,131,194,177,165,127,143,162,187
168,129,144,198,124,135,170,129,124,176
197,141,197,184,169,145,140,140,177,131
134,166,179,150,173,155,144,121,176,168
172,172,139,169,178,187,126,177,172,152
184,137,143,164,156,170,131,141,164,126
143,168,190,142,147,152,155,143,184,154
168,153,135,194,147,158,121,171,145,188
136,172,143,138,159,183,155,184,186,160
169,135,128,122,123,180,129,187,186,126
130,124,135,130,162,189,142,176,144,180
174,148,136,183,151,154,187,128,171,185
120,139,158,157,156,188,189,146,177,126
199,184,174,179,143,140,199,135,192,169
130,154,186,175,163,156,156,153,194,185
197,125,121,135,138,137,122,184,164,124
160,173,123,125,150,138,194,152,120,124
131,136,142,148,157,184,188,177,157,184
181,198,125,157,133,145,139,144,121,167
157,152,152,168,146,128,164,167,157,145
164,192,137,185,153,185,120,189,142,195
156,150,158,187,137,139,175,131,167,120
144,178,128,182,160,132,150,178,122,157
199,123,159,125,197,134,150,144,142,176
168,190,152,137,152,135,137,137,157,172
194,125,121,197,127,165,187,122,126,184
177,154,154,196,159,121,150,170,138,141
163,180,154,136,150,165,187,176,194,122
159,142,171,134,124,155,120,179,182,170
166,197,145,170,155,191,120,159,194,130
162,195,172,159,156,155,158,191,155,179
162,138,178,177,120,167,142,169,187,126
143,156,175,135,159,131,158,168,134,169
150,145,170,162,153,189,173,128,161,193
139,152,147,183,151,173,179,146,194,155
159,159,183,191,163,174,135,123,153,184
136,137,177,175,126,185,172,166,152,193
164,143,131,179,142,122,138,142,142,143
122,173,121,142,151,140,196,129,125,125
163,149,137,148,190,169,194,121,192,131
150,196,158,176,170,153,199,164,175,145
126,199,143,132,170,171,126,130,159,143
191,185,166,195,170,143,197,177,130,194
197,191,135,143,122,195,125,151,170,185
190,167,174,153,181,160,199,180,171,180
165,142,181,174,193,134,156,123,190,177
146,131,194,149,174,171,152,151,195,196
174,143,165,169,147,181,152,184,149,183
198,122,166,122,171,153,156,155,191,190
149,185,144,189,150,179,146,172,160,178
159,184,183,197,149,175,176,196,144,158
187,184,155,130,121,166,198,197,181,148
185,146,164,166,159,178,179,171,145,166
194,164,129,174,168,153,135,159,172,142
132,133,124,159,149,197,188,124,144,169
162,162,194,192,197,147,181,150,157,136
121,122,167,182,155,145,120,189,184,161
198,196,166,198,158,126,140,147,159,194
142,163,142,135,178,189,153,187,182,127
193,144,158,198,185,153,137,173,182,143
190,130,154,161,190,184,158,129,197,156
169,121,153,171,124,187,168,134,157,121
146,161,151,146,166,149,135,169,143,145
136,177,192,125,182,193,171,151,152,134
182,184,128,147,177,179,124,126,161,124
195,188,189,174,138,165,169,122,198,134
190,158,184,124,130,175,130,146,124,127
192,142,132,139,181,170,174,181,197,128
141,120,126,150,189,190,184,194,165,132
175,140,176,161,141,181,138,151,151,126
173,164,138,174,131,158,157,172,179,193
138,128,196,133,135,130,153,176,164,132
137,177,198,147,193,185,141,196,151,145
188,198,170,193,149,183,192,196,120,187
177,155,165,125,174,135,176,188,147,152
136,185,187,154,182,154,167,150,123,194
159,138,159,168,151,145,147,123,129,160
181,150,134,149,152,154,190,145,138,133
123,162,199,191,159,177,132,126,146,172
154,153,181,164,152,124,138,168,163,186
142,144,174,139,173,140,165,178,177,165
148,177,167,179,197,165,143,180,135,168
146,137,199,134,186,143,136,153,169,166
187,131,186,150,125,122,131,150,132,187
159,149,188,141,189,124,130,195,152,161
157,179,123,151,160,155,150,163,142,163
183,190,164,159,191,182,190,193,162,138
146,121,176,162,161,129,192,164,177,150
180,148,198,167,150,178,124,192,180,187
150,168,191,139,146,135,150,131,175,144
178,126,120,128,133,174,168,133,160,135
155,122,166,140,149,154,185,146,198,180
135,192,131,121,182,152,180,166,162,186
134,175,168,168,131,149,120,144,169,154
180,161,186,151,134,156,184,151,179,144
141,144,150,145,172,181,126,172,174,170
198,122,125,171,167,122,169,170,199,130
179,132,145,123,140,150,187,193,137,126
126,123,183,166,181,128,179,197,160,149
169,188,143,137,138,140,181,176,185,147
175,149,120,152,152,151,165,176,155,177
157,145,180,180,184,179,173,172,188,196
198,146,198,120,164,185,159,122,197,130
131,154,191,128,170,136,127,199,186,154
196,189,159,131,141,137,150,124,196,138
196,151,198,127,166,172,194,185,188,123
138,160,186,127,151,169,134,192,140,130
174,141,193,146,164,191,129,175,179,165
139,188,139,152,128,145,155,125,146,178
182,137,193,193,181,156,189,151,190,149
198,150,150,138,134,182,166,186,169,147
128,159,193,175,156,141,142,138,171,138
160,164,186,181,159,181,127,151,185,162
127,170,134,146,147,182,130,150,137,123
136,159,161,192,174,182,133,135,122,124
157,135,128,156,146,184,144,177,159,183
149,193,155,193,156,191,145,141,146,196
194,193,146,163,159,153,139,153,195,187
152,134,157,156,154,170,167,160,132,175
140,154,183,142,168,121,135,124,168,163
150,147,173,141,128,198,130,191,199,133
166,164,127,187,190,159,186,135,164,154
125,124,183,169,120,199,166,174,167,137
129,188,136,193,152,194,180,164,176,124
128,162,154,150,151,167,189,185,186,156
166,197,158,180,137,132,178,139,130,153
186,194,127,121,180,121,176,145,144,159
193,193,160,134,172,184,185,146,174,176
155,167,185,176,196,188,168,149,166,192
149,150,129,180,123,139,194,166,167,145
156,167,175,197,137,133,156,182,152,148
132,131,180,168,148,152,123,150,170,197
120,143,126,175,155,149,124,146,161,179
132,182,171,122,140,152,177,193,143,127
184,199,161,177,197,198,173,136,124,161
199,181,171,198,184,164,126,191,176,170
146,179,191,147,128,196,175,173,185,170
122,194,138,143,181,198,184,166,176,172
156,144,190,175,162,136,164,137,133,155
121,160,163,136,128,134,189,137,142,183
192,130,123,193,148,146,125,142,176,125
164,136,142,199,150,149,164,146,134,127
159,136,126,177,167,132,169,145,137,129
154,140,122,156,176,161,197,154,170,169
187,121,131,186,136,166,120,159,160,131
169,128,133,147,195,159,176,187,126,146
161,159,121,137,176,122,157,122,150,174
141,139,171,154,131,162,137,196,155,149
157,132,134,169,173,193,126,160,135,164
154,185,133,157,158,178,190,179,191,137
134,188,152,145,170,144,157,169,143,158
146,169,125,184,153,142,133,136,160,125
132,185,138,154,181,173,161,187,162,175
197,134,136,194,194,146,164,170,157,141
122,143,163,190,175,193,182,147,179,143
127,192,164,170,160,197,182,186,124,196
192,179,144,193,169,191,121,177,189,182
124,158,153,162,140,192,155,169,152,171
165,132,173,124,170,121,121,137,195,183
138,195,177,124,156,149,122,193,151,164
164,171,195,125,155,163,152,141,125,170
176,143,146,154,125,141,181,193,193,129
131,165,196,140,128,125,172,154,174,179
120,127,173,178,163,164,194,136,161,133
175,126,154,120,150,196,143,139,186,129
126,145,160,124,184,153,160,172,144,158
140,173,143,139,159,186,120,175,164,185
148,133,172,148,175,145,138,134,180,154
191,162,196,153,149,153,184,138,144,198
133,188,148,173,167,196,137,181,150,122
161,130,156,164,120,139,193,150,145,123
179,197,166,171,156,125,192,183,134,144
121,136,175,172,185,139,198,138,190,178
146,189,146,139,174,135,140,170,166,182
150,157,155,185,144,143,154,166,178,153
170,186,189,158,132,156,159,146,190,178
141,198,138,132,192,154,133,173,170,176
134,138,136,129,162,196,128,121,128,195
185,127,162,146,139,190,142,134,160,164
132,120,141,172,135,157,198,178,150,155
155,137,199,126,182,173,186,195,121,144
179,153,196,153,187,167,185,155,191,153
170,121,188,138,152,144,142,170,184,150
158,164,150,151,140,124,151,121,162,139
149,187,196,181,161,129,155,194,131,147
172,158,181,192,150,154,177,172,196,121
194,162,143,125,146,140,121,124,170,185
164,144,179,157,180,189,156,153,173,191
175,188,175,173,124,166,163,164,121,133
139,145,176,198,126,168,174,178,139,158
128,181,122,137,145,169,124,120,123,189
155,126,198,154,168,130,199,147,194,155
156,183,199,141,192,169,160,135,132,198
120,183,123,189,142,175,161,136,122,156
190,184,193,153,186,184,191,197,122,193
121,161,123,146,159,127,124,152,172,171
156,137,140,158,196,127,193,144,154,177
149,152,178,191,179,162,198,186,197,134
142,129,168,155,195,146,158,132,133,199
197,174,185,192,126,192,140,197,134,141
197,163,172,142,160,145,171,172,185,132
157,167,170,178,155,195,134,177,180,140
145,172,128,166,170,129,137,139,150,189
150,192,154,153,157,121,154,179,166,161
171,153,160,168,193,170,198,185,197,133
150,156,125,176,191,130,145,181,188,158
151,181,150,125,154,123,120,175,151,160
144,126,199,185,174,181,130,172,163,133
158,180,151,166,122,196,172,165,145,195
175,124,193,165,168,196,196,123,182,139
197,121,174,186,184,165,158,148,136,123
196,198,175,195,174,176,194,137,173,186
189,157,164,151,199,156,162,126,166,198
121,189,185,194,180,181,193,197,188,179
164,153,163,193,161,135,192,150,149,192
171,159,169,135,175,179,184,156,163,143
123,175,143,178,199,185,197,170,174,175
126,136,146,184,126,197,171,182,188,139
136,171,149,127,167,199,185,148,167,148
135,138,173,167,147,136,195,195,160,194
139,195,128,139,145,133,130,123,142,156
194,127,172,120,188,140,150,181,151,157
130,198,174,196,189,120,177,185,132,155
150,131,142,138,126,181,189,190,180,131
175,159,198,171,182,126,140,192,182,182
191,179,128,133,173,167,191,134,193,170
138,184,186,162,137,172,175,141,167,191
144,165,152,178,168,132,193,145,195,184
125,194,146,198,141,156,148,160,152,171
192,195,158,195,137,160,138,144,122,169
186,139,161,138,195,197,166,146,134,146
159,171,192,191,157,192,176,152,190,138
138,127,155,122,125,198,162,166,128,126
139,130,158,156,182,138,153,162,127,199
134,128,135,146,122,165,161,154,164,173
181,138,174,191,198,167,180,186,139,167
132,185,151,147,152,121,174,157,140,126
181,172,128,191,199,159,181,166,158,181
195,179,127,196,199,140,139,147,176,144
131,160,165,168,129,187,160,184,151,194
187,146,160,186,146,156,133,154,184,192
194,145,153,180,151,140,176,135,186,178
124,151,191,178,173,123,136,158,174,148
162,162,186,122,190,142,169,127,161,155
122,165,199,193,148,146,172,199,135,194
164,159,120,125,193,189,172,170,128,144
165,182,199,127,161,120,144,197,193,183
187,124,133,123,159,141,142,194,191,120
190,163,183,181,149,133,135,170,157,121
165,166,188,165,128,197,199,133,163,146
187,197,152,176,192,178,165,191,171,166
136,136,191,135,138,153,145,194,182,131
129,120,143,150,140,151,182,175,185,196
121,124,165,167,175,172,162,170,127,140
131,178,188,180,162,159,192,131,128,171
124,196,181,185,168,140,186,154,189,191
194,130,134,162,190,160,198,164,185,134
160,147,189,121,199,166,181,145,193,168
124,145,146,175,132,139,187,160,187,157
141,153,145,145,187,142,127,139,157,182
164,172,142,132,168,180,191,154,166,132
157,134,120,193,148,177,184,121,130,176
195,161,198,148,142,171,121,198,171,151
165,134,189,186,173,120,164,147,166,124
180,120,195,174,170,190,176,175,193,121
125,163,141,143,141,165,174,170,124,174
152,162,146,195,152,152,160,168,158,134
199,189,128,181,191,150,156,161,181,175
164,170,184,184,149,191,154,120,188,145
178,175,177,183,190,174,144,177,192,128
139,157,175,173,189,144,148,166,184,168
192,154,151,135,193,159,182,130,133,156
172,185,158,124,185,174,143,155,124,129
183,171,170,131,166,134,161,127,128,177
180,151,188,193,185,192,132,194,138,161
148,141,144,197,162,173,164,140,180,139
122,128,142,187,162,171,173,193,189,143
199,173,145,127,171,184,189,184,189,164
193,195,125,191,143,132,135,123,138,156
167,151,129,183,136,144,181,147,150,197
151,144,160,191,140,174,129,191,162,198
120,158,133,144,155,180,148,149,173,186
130,125,144,172,183,148,137,143,150,127
148,167,148,152,193,174,199,193,147,165
193,131,192,141,154,124,159,190,127,180
168,122,124,187,186,132,152,192,147,196
140,134,181,172,141,133,139,133,154,126
135,162,121,181,185,199,198,179,138,176
138,198,186,160,199,138,121,130,131,158
157,180,140,141,184,180,191,156,186,198
188,179,183,190,144,166,134,144,198,165
162,186,126,127,126,121,174,149,144,152
181,152,138,143,144,158,124,131,142,149
180,141,137,195,136,143,161,137,130,159
144,165,134,170,144,163,121,144,129,140
120,137,168,178,152,194,136,158,123,136
170,167,176,154,142,192,192,128,157,131
192,195,196,194,154,183,193,159,197,158
167,134,158,123,180,145,156,143,132,136
192,197,160,195,189,181,130,161,176,188
193,195,158,156,120,167,136,125,197,176
161,172,184,168,140,144,136,129,134,194
171,158,186,140,174,148,192,196,156,148
154,160,194,173,151,137,192,193,131,150
141,155,148,173,186,126,177,180,187,178
138,128,150,194,140,137,191,160,192,195
194,122,157,125,194,133,170,153,120,133
147,171,193,155,136,134,158,144,156,140
169,129,140,134,121,190,166,183,176,158
144,125,181,175,135,171,125,155,130,174
125,144,199,182,159,182,161,162,147,147
151,144,129,172,139,129,187,168,183,165
175,187,180,198,195,181,198,166,182,151
143,132,125,148,142,157,175,183,155,196
122,191,149,141,138,149,142,136,139,133
153,181,185,164,160,171,180,141,165,123
175,178,180,130,121,151,186,142,160,170
137,162,125,127,152,135,125,183,126,198
143,120,193,128,168,170,189,129,144,179
162,192,197,197,159,185,176,188,160,138
159,183,185,148,134,151,123,157,148,135
184,132,158,145,185,187,123,135,166,164
123,191,134,188,153,166,173,191,182,171
177,127,164,126,197,165,131,138,151,179
139,185,123,177,149,181,121,135,164,185
152,168,182,182,175,138,185,198,189,133
169,158,141,144,146,155,121,136,170,180
143,125,138,180,120,170,144,138,139,127
173,139,148,163,188,165,139,167,160,167
141,131,190,137,156,155,123,197,198,152
171,175,186,182,159,173,155,193,189,147
191,192,195,145,152,190,135,169,123,129
195,170,150,146,135,155,170,140,165,158
181,150,145,144,132,139,153,193,172,182
168,172,127,136,167,187,125,127,188,136
189,127,129,130,183,134,137,182,191,152
162,183,166,160,192,143,177,141,134,177
131,199,187,180,184,154,160,178,166,176
147,183,123,138,138,153,171,190,123,179
128,176,197,194,195,167,174,182,133,171
192,169,165,173,128,134,121,149,150,166
128,158,183,199,167,126,174,146,173,177
120,145,145,164,164,155,126,157,176,136
159,181,133,122,153,186,172,144,175,131
168,132,167,190,176,193,181,191,130,174
148,171,162,188,189,141,160,174,170,198
180,154,167,144,134,135,124,198,189,152
148,162,121,132,169,177,158,165,182,127
180,147,129,183,148,149,181,192,198,177
160,133,151,135,188,159,162,177,186,180
152,120,133,151,144,185,145,152,171,123
193,197,132,124,133,185,151,171,131,190
134,130,141,169,142,157,133,166,145,197
157,197,172,135,185,161,128,181,167,191
129,134,157,196,168,166,176,125,178,174
170,198,161,142,128,123,152,154,142,128
131,153,137,129,135,186,168,177,170,125
198,192,168,158,134,139,135,161,175,185
165,127,124,155,191,175,153,190,128,141
180,176,183,189,140,158,147,141,141,185
183,189,127,153,176,138,181,152,177,140
150,160,172,140,163,149,174,135,141,150
181,175,124,177,165,196,164,151,154,160
194,143,150,199,139,124,157,148,180,181
124,138,127,127,138,144,138,126,150,130
193,198,140,187,163,171,186,181,197,196
172,150,197,150,135,182,172,198,184,188
196,176,165,191,173,199,149,153,164,120
191,138,193,151,148,150,187,173,167,154
160,190,191,156,134,144,197,149,188,171
121,186,131,157,185,177,160,169,157,174
122,167,183,124,177,160,135,166,148,182
177,128,144,181,142,174,139,186,126,151
172,167,182,177,145,153,175,158,182,169
193,120,179,157,157,184,174,145,171,178
149,127,150,127,132,193,193,127,187,135
130,181,140,148,135,154,189,164,197,147
146,191,183,192,150,175,142,166,139,154
130,182,157,131,128,163,197,120,122,132
189,130,140,121,191,180,183,193,153,196
156,151,151,176,170,190,161,134,130,164
161,186,172,130,178,190,178,151,138,187
185,168,182,141,151,167,127,129,167,137
188,179,128,144,171,153,123,180,130,139
176,154,183,146,136,142,185,192,144,184
160,165,185,140,126,137,155,165,178,126
181,135,185,148,133,186,148,148,138,170
122,145,129,181,179,161,190,161,138,137
126,196,172,181,146,155,189,173,174,120
121,134,195,144,174,169,188,190,150,184
167,183,135,128,189,188,183,159,149,132
165,167,147,194,149,190,171,152,180,137
134,178,143,180,154,176,164,156,198,163
198,152,166,128,189,176,196,194,179,155
130,124,156,151,162,147,124,180,145,143
139,122,197,199,143,170,169,125,137,154
124,126,193,176,187,142,198,122,190,166
149,147,136,159,164,187,146,166,162,170
192,170,158,192,177,159,153,120,187,128
145,171,177,174,132,132,176,180,154,189
166,178,130,150,173,193,157,129,144,166
148,191,172,160,171,123,191,176,188,134
198,175,136,122,197,184,151,176,161,180
198,122,137,138,129,191,127,123,131,189
134,162,195,178,177,122,185,128,169,198
172,192,122,175,149,158,125,126,179,188
175,134,178,185,133,186,174,165,135,181
150,155,142,181,190,168,156,164,179,144
165,140,190,184,143,192,142,121,175,151
155,176,188,165,185,179,130,128,166,142
171,138,164,140,170,191,153,143,170,191
197,168,180,126,169,190,123,158,157,143
193,139,185,123,188,170,130,198,134,132
152,134,161,187,186,149,144,134,165,146
131,188,146,180,188,171,173,153,177,137
194,155,185,137,135,164,143,153,156,182
171,152,198,185,178,163,195,143,180,172
162,185,199,165,138,165,199,135,126,193
143,184,163,167,194,188,180,182,132,186
163,181,152,161,169,196,157,149,153,149
130,161,158,128,121,136,184,192,193,147
184,177,143,181,166,126,141,170,145,143
153,187,159,123,195,153,166,147,169,182
191,161,150,193,174,163,164,141,159,192
170,147,140,153,134,120,197,178,144,168
154,125,178,195,128,152,189,124,189,142
132,192,174,121,162,194,133,194,164,140
129,139,154,139,173,193,182,136,133,159
126,140,173,120,199,124,158,176,151,198
177,196,170,153,123,196,193,170,162,184
140,135,142,178,195,133,191,178,143,179
175,122,157,173,177,161,186,191,169,140
162,198,177,161,163,167,125,133,199,134
131,136,156,191,132,123,135,196,190,186
167,134,151,139,170,173,121,160,138,170
142,167,168,129,135,157,126,140,196,151
142,183,122,150,154,176,142,173,121,129
186,183,131,157,191,177,124,148,144,135
122,142,120,152,124,178,123,123,198,145
192,135,128,155,146,154,161,162,196,144
179,151,151,146,177,132,142,175,153,140
139,121,134,177,153,165,198,123,198,172
188,170,164,173,129,139,178,175,165,186
157,170,195,188,128,196,158,158,172,197
173,186,133,161,123,161,136,180,161,165
166,120,155,189,193,184,172,173,131,141
157,199,139,165,147,144,185,189,161,128
186,182,133,144,127,190,145,193,192,139
198,141,184,191,134,184,147,136,189,176
154,145,184,160,148,197,137,169,120,137
177,137,197,188,145,178,156,139,150,154
196,185,160,125,173,130,166,152,126,167
176,143,195,159,152,148,175,192,169,184
120,176,143,166,182,197,128,167,181,176
183,123,152,171,135,191,167,135,198,124
130,144,157,193,189,147,158,191,149,132
181,196,176,184,128,179,136,177,151,136
131,189,182,123,145,186,185,187,192,195
156,193,132,168,141,192,178,170,198,153
131,191,151,155,124,188,162,147,164,167
147,123,120,191,155,126,139,146,139,159
194,195,147,123,158,135,187,177,136,176
189,187,189,164,193,147,136,177,157,173
120,183,154,163,145,151,193,133,191,120
192,135,144,178,190,151,142,185,188,146
178,148,184,131,186,134,177,179,144,124
163,163,197,199,169,152,135,192,137,168
199,148,123,122,160,177,166,178,191,170
128,166,167,139,171,191,159,146,167,171
164,193,148,151,189,172,189,123,166,173
163,189,172,159,155,158,177,193,169,173
167,162,132,160,155,162,156,170,173,173
134,166,187,181,164,135,123,139,191,124
120,179,156,136,183,121,178,131,170,188
125,139,120,133,145,121,136,120,188,171
131,159,144,128,151,190,123,189,126,128
174,195,142,177,131,197,166,127,133,164
148,169,120,164,152,175,123,186,181,153
165,163,194,156,133,162,120,171,142,182
153,125,140,143,195,159,195,133,125,185
137,187,199,173,160,173,139,182,190,120
121,193,198,122,152,121,122,131,159,185
157,149,127,141,194,148,172,156,192,182
144,144,147,123,143,175,180,183,169,195
138,134,151,194,153,147,193,188,169,156
132,184,188,189,176,131,185,139,128,185
163,121,151,175,183,126,126,185,149,124
177,199,123,196,174,124,149,192,136,158
148,122,125,160,125,182,158,194,173,196
163,132,174,178,145,189,198,195,122,195
190,154,127,178,150,130,163,198,161,144
136,155,187,193,130,174,196,189,168,144
136,143,178,149,140,160,140,151,194,142
170,193,151,177,126,137,128,187,145,147
124,136,198,160,139,156,146,124,191,129
160,125,169,197,176,132,167,136,135,153
145,129,155,184,153,159,140,142,175,177
132,162,127,145,184,140,178,162,169,165
133,127,144,146,196,122,120,151,147,148
196,148,175,154,161,156,172,146,164,130
120,120,138,132,166,156,124,158,198,173
185,156,166,150,177,143,177,184,153,194
174,139,172,175,166,145,176,166,164,133
147,133,138,142,191,144,190,155,182,192
178,124,172,128,176,152,170,147,134,144
140,195,150,171,136,165,146,196,156,131
127,180,149,155,141,141,161,163,144,126
157,157,186,158,193,123,157,151,133,143
148,158,174,158,188,177,153,150,194,154
129,123,125,160,185,139,194,128,122,169
138,195,171,195,176,133,191,157,121,184
185,192,145,190,133,123,144,188,198,198
132,121,185,163,177,131,154,134,199,166
177,167,140,130,145,120,172,139,189,192
188,147,184,150,170,123,199,137,135,133
156,161,171,195,148,143,165,146,172,194
122,148,187,139,124,132,149,187,180,151
179,149,151,120,134,151,149,196,135,178
155,184,153,194,138,130,132,146,184,169
124,158,182,140,171,199,165,163,168,150
189,198,178,179,194,167,192,135,154,134
193,145,166,138,193,162,149,158,126,138
179,144,161,190,151,167,120,141,136,167
148,132,178,190,187,153,199,146,182,195
146,198,181,152,153,181,184,197,192,159
153,168,172,159,141,182,126,174,170,183
139,182,158,194,192,156,165,133,199,145
131,190,179,185,172,169,182,132,190,143
122,192,154,127,121,132,171,148,129,154
150,151,146,192,168,151,148,170,187,151
135,152,153,189,174,196,161,146,168,197
188,139,143,126,168,175,145,181,185,159
172,192,196,125,158,173,160,183,199,148
154,147,181,199,154,151,171,196,192,127
181,133,121,140,147,185,123,188,192,167
142,144,148,162,154,151,197,197,182,164
188,158,149,155,195,151,151,156,128,132
193,167,171,197,189,120,183,130,157,147
145,173,125,152,123,149,153,169,125,145
187,124,171,128,153,157,149,166,199,138
143,156,121,121,184,183,188,182,124,181
170,192,154,168,128,194,183,198,130,141
181,131,145,193,154,124,139,173,125,179
165,177,140,153,138,142,163,148,188,154
177,188,138,160,120,194,129,193,167,194
170,147,163,178,144,123,134,137,168,130
163,159,149,140,196,145,162,152,125,155
161,195,159,147,122,179,173,137,182,180
161,181,198,197,144,173,130,177,167,123
180,189,157,179,156,181,125,197,146,142
189,152,126,120,156,195,154,198,131,174
180,155,132,180,171,189,156,177,171,180
143,189,126,189,142,174,193,150,162,196
130,123,161,170,176,177,143,165,151,170
143,190,157,197,173,121,189,158,136,137
175,123,181,133,156,192,172,134,179,148
125,162,180,198,138,121,168,140,125,191
137,179,127,133,173,166,123,165,152,145
159,168,133,125,197,163,122,124,161,147
196,131,192,184,173,160,168,149,197,199
125,128,133,191,122,149,197,165,160,140
121,181,179,182,162,166,137,120,148,146
172,181,163,169,173,190,135,154,180,199
176,187,138,175,162,148,127,155,127,163
125,175,136,145,123,175,196,199,189,152
128,198,186,184,166,187,170,122,120,156
194,157,129,165,194,193,179,127,125,130
179,147,173,128,190,137,169,120,183,162
131,151,188,184,175,148,151,141,122,183
167,158,131,156,151,160,168,130,198,165
137,169,159,165,160,175,170,135,126,180
166,189,145,139,156,173,141,166,177,158
192,133,128,135,130,163,145,181,196,194
157,158,160,125,178,198,134,160,182,199
150,199,131,135,178,136,163,163,136,138
175,162,147,161,128,154,148,171,170,121
184,168,126,125,181,163,170,162,190,173
158,194,175,187,167,194,189,170,153,130
177,150,157,170,125,194,182,137,128,191
133,176,176,150,172,133,182,163,143,135
181,188,134,185,163,144,138,166,188,166
175,139,160,157,178,139,186,152,123,149
179,160,167,173,186,159,171,153,174,126
142,170,132,160,197,163,161,175,172,185
171,181,147,196,143,191,160,177,198,185
135,147,136,154,135,151,166,188,133,168
182,198,198,185,152,122,132,175,188,174
168,194,136,143,165,184,138,143,134,132
159,147,122,196,130,177,167,187,182,195
190,161,188,175,122,138,150,183,125,124
186,161,145,138,129,134,192,120,196,193
181,148,185,120,132,155,125,199,130,147
135,189,131,149,184,161,175,173,189,128
126,140,187,148,179,120,139,129,145,196
144,126,147,159,146,191,134,173,182,145
150,124,136,196,158,197,192,188,197,189
161,150,158,126,169,130,168,158,147,185
190,191,133,136,175,197,148,174,157,134
158,124,168,187,159,127,166,198,144,184
177,141,180,177,198,172,186,181,182,149
132,183,137,171,176,167,148,122,167,126
159,195,164,142,179,141,189,194,137,156
188,148,154,178,188,123,178,173,182,163
120,172,163,124,171,138,186,179,171,125
133,162,164,145,123,139,129,128,190,151
160,197,170,197,128,133,155,163,170,138
197,188,190,173,150,159,157,153,173,138
199,126,134,139,158,154,173,195,141,133
148,183,186,128,150,122,175,133,131,141
132,195,142,145,187,160,177,130,122,124
166,153,139,167,130,197,165,183,144,153
171,121,153,151,191,158,140,176,163,186
132,171,144,185,171,158,166,146,161,199
183,135,199,194,169,139,122,181,171,173
191,156,194,173,142,190,192,145,156,130
124,170,172,189,147,139,120,158,124,154
145,182,142,130,127,178,167,183,154,160
160,141,192,182,198,180,162,158,142,131
191,174,151,178,167,171,199,129,183,121
153,160,182,130,154,169,185,152,152,195
159,192,140,146,197,134,165,195,169,175
172,161,186,184,168,196,147,167,133,124
178,156,142,148,121,130,171,138,153,195
123,199,177,182,131,138,146,159,130,175
122,159,139,189,141,168,199,186,188,163
149,132,120,130,151,140,166,162,149,121
169,148,196,175,165,158,166,160,127,197
183,156,125,140,173,183,192,196,162,152
128,176,166,123,146,175,195,120,159,130
146,153,140,142,141,147,158,199,121,167
140,145,140,164,184,165,155,155,189,156
143,150,148,180,160,176,196,188,163,141
165,123,156,128,180,199,190,136,121,150
133,165,163,191,137,128,185,146,158,157
124,173,177,127,144,183,135,125,133,121
162,199,132,144,190,140,159,184,187,145
132,186,180,160,176,182,191,120,189,194
140,172,196,179,161,144,184,175,157,164
161,186,164,139,193,180,180,162,140,122
198,158,179,135,131,184,159,183,187,183
186,125,171,130,188,144,160,153,133,172
120,123,179,186,137,130,122,192,168,191
164,172,124,152,194,123,159,177,181,164
196,177,181,188,143,135,151,164,157,154
138,137,147,171,145,179,159,177,166,165
168,122,190,127,130,179,198,187,162,161
199,180,147,198,156,175,149,141,154,170
121,153,194,183,127,179,127,168,198,192
187,134,173,147,196,173,127,130,130,142
192,167,165,156,131,130,130,170,189,198
123,147,193,166,141,181,145,155,172,120
181,145,125,121,147,145,179,188,145,124
120,164,141,142,166,199,148,122,136,178
191,143,156,140,139,198,177,152,174,174
149,169,175,127,150,158,174,193,142,161
173,161,144,149,146,154,122,192,140,166
156,169,129,199,151,192,161,199,141,121
174,191,148,131,145,193,130,157,128,193
167,192,151,159,147,160,136,170,155,134
199,146,143,136,178,190,132,134,124,141
170,181,192,125,143,153,142,178,176,162
162,151,160,140,147,139,160,194,127,134
126,123,173,167,126,194,146,160,155,144
135,172,179,120,183,145,181,192,161,121
192,184,173,130,170,190,182,194,190,159
145,123,128,193,172,178,132,130,197,191
155,124,193,123,126,179,164,194,187,122
141,166,129,122,182,129,149,189,182,178
193,175,158,148,191,193,194,161,187,187
130,121,153,173,186,142,130,132,126,121
171,138,168,167,158,174,199,192,167,199
158,174,153,171,180,141,179,163,189,130
167,194,162,149,142,144,190,163,199,142
122,131,176,192,181,199,139,194,120,164
160,132,153,131,154,192,183,149,136,130
122,181,149,149,179,148,199,141,139,161
133,134,199,171,131,170,184,168,197,130
183,149,142,174,147,163,188,191,173,181
178,136,178,184,120,184,144,149,134,130
123,125,159,175,152,196,183,137,165,139
143,159,143,178,199,148,131,174,197,148
145,189,136,131,144,186,179,175,193,149
134,146,129,188,146,184,166,131,132,169
146,154,172,162,141,189,126,160,191,176
128,193,192,123,177,169,167,128,125,125
123,185,185,156,199,167,172,140,168,178
171,170,181,126,184,163,150,143,141,197
138,174,125,140,195,179,126,157,136,154
128,126,158,170,189,157,162,139,177,162
176,181,152,154,131,148,187,130,191,158
183,196,148,182,187,136,162,157,145,163
174,182,197,157,165,192,173,155,145,121
168,166,155,150,183,127,134,128,126,149
157,159,160,121,165,161,177,199,146,186
194,181,122,164,156,170,169,182,197,191
190,198,184,161,122,125,145,155,157,178
133,137,198,167,121,157,142,126,150,123
148,195,184,193,147,170,191,141,180,173
192,188,191,134,146,136,189,165,133,132
183,195,197,153,155,172,180,149,155,189
196,170,130,155,181,184,127,180,140,133
171,141,129,181,143,166,140,128,190,127
178,161,175,191,146,125,186,179,154,125
180,145,124,174,151,182,132,141,123,124
193,147,140,143,132,144,132,137,185,167
142,143,151,130,121,183,153,149,197,177
135,169,153,179,169,155,129,178,187,160
147,147,127,182,159,180,153,194,144,186
179,159,120,193,176,183,138,141,198,199
191,167,170,144,134,160,184,175,190,179
167,157,170,159,152,165,196,165,120,128
125,153,169,199,138,122,171,129,139,164
166,124,127,193,147,151,145,149,181,172
154,172,160,155,194,147,177,154,171,133
153,122,139,133,188,130,193,177,126,164
146,190,197,160,179,159,182,151,148,144
162,136,129,154,134,184,139,150,191,170
125,171,133,199,141,127,172,180,166,147
154,158,191,165,124,124,149,141,146,180
180,165,172,155,183,157,127,182,121,181
125,197,187,123,170,135,157,199,192,124
185,146,158,158,198,188,125,176,154,128
152,151,196,169,196,151,121,144,144,132
194,152,186,193,165,147,176,138,179,146
167,196,171,185,151,154,190,187,150,120
180,167,178,125,150,144,146,160,184,127
160,152,123,153,162,154,188,153,198,122
155,132,196,168,120,179,137,136,122,129
139,125,124,199,120,162,172,125,127,173
136,168,191,153,198,140,131,191,137,160
135,167,178,128,163,196,166,150,164,137
192,145,163,132,154,187,178,125,192,172
193,197,180,153,134,198,135,169,172,158
182,168,124,138,167,195,182,166,130,145
158,177,161,174,126,193,192,137,178,123
181,197,127,193,160,148,165,168,183,124
178,190,121,142,183,122,133,123,133,167
165,144,194,147,129,187,180,131,146,186
170,141,120,169,195,159,136,121,159,121
191,149,151,147,151,131,189,168,145,182
190,134,129,157,121,142,182,146,188,157
173,167,185,135,152,195,154,140,188,173
181,187,122,131,134,183,171,158,138,168
178,166,126,122,155,198,167,146,145,197
153,158,189,162,179,128,151,133,181,189
196,197,165,194,130,162,174,195,131,165
195,191,184,194,127,134,193,145,158,159
137,147,144,164,157,157,139,167,151,148
169,189,134,132,160,135,193,177,155,127
145,130,123,189,157,128,180,187,167,179
143,129,199,166,172,181,156,150,166,133
138,124,151,146,144,190,140,178,192,161
185,160,154,153,193,168,137,154,176,156
180,141,179,146,169,134,145,122,131,145
174,124,144,158,190,189,144,176,130,124
171,163,164,126,168,191,138,199,132,157
135,196,150,198,159,165,182,151,195,169
139,180,174,125,177,166,125,169,191,146
166,133,127,198,164,177,154,187,146,149
172,199,188,183,148,192,147,126,125,191
158,152,120,139,163,164,181,128,170,190
142,148,169,150,158,144,193,124,185,139
144,173,168,177,134,191,126,194,166,168
152,122,153,144,186,144,178,185,128,193
188,181,181,181,179,177,161,123,173,187
125,188,144,139,158,190,146,143,194,142
179,184,177,182,180,155,191,124,177,198
132,188,182,197,130,143,164,189,199,131
174,130,165,162,174,177,163,149,123,163
141,144,120,175,137,155,191,166,194,123
154,184,185,172,194,163,163,160,175,149
147,196,145,130,177,164,130,189,129,162
179,193,123,196,149,149,197,184,125,157
131,160,188,182,170,124,121,194,131,168
181,148,126,169,186,194,144,168,146,139
174,188,126,193,129,178,146,133,126,172
190,162,156,143,195,124,179,136,170,173
