3,14,12,18,9,8,16,18,2,11
19,17,17,6,15,9,11,9,7,8
19,12,18,13,12,14,13,16,18,19
8,17,9,12,13,19,1,12,16,9
5,9,18,19,11,2,11,3,16,13
3,17,4,18,2,18,11,10,19,15
7,16,4,9,1,5,13,19,10,12
2,5,9,7,4,9,14,19,1,1
3,7,9,6,17,15,19,6,14,15
18,10,18,2,18,9,18,3,1,19
5,18,13,18,1,7,6,10,9,6
11,4,11,17,12,17,17,18,17,4
2,7,18,3,13,12,14,16,10,3
11,7,15,13,1,16,1,19,11,14
9,10,6,2,10,8,3,5,18,7
19,6,19,2,8,17,4,3,10,9
17,16,12,16,2,5,15,10,2,18
19,12,3,5,16,19,6,15,6,2
17,14,9,15,2,18,11,13,5,18
12,1,3,10,10,18,11,7,11,12
10,19,16,6,5,6,14,9,5,4
10,15,9,15,3,9,8,11,8,10
18,3,14,1,5,18,19,3,3,10
1,5,12,11,6,7,3,6,1,8
18,11,17,9,8,17,12,13,17,19
17,3,15,5,5,19,16,8,11,2
14,8,10,11,14,12,13,14,18,16
11,13,9,6,17,9,6,12,19,1
6,7,3,13,16,2,13,7,14,4
15,14,16,1,16,19,2,6,16,6
17,2,7,1,10,19,1,11,6,7
14,16,6,4,8,2,12,13,15,13
2,12,9,5,1,6,19,10,19,13
17,15,11,2,11,7,6,10,8,12
9,5,18,3,11,11,13,2,11,17
19,14,14,19,7,18,9,5,12,1
2,6,7,15,18,1,18,14,15,8
7,4,1,19,19,6,10,1,4,12
3,6,8,16,9,6,11,19,12,10
4,5,6,19,13,19,18,10,1,3
11,8,10,19,9,1,5,15,12,16
16,3,14,11,13,16,9,15,17,9
9,17,12,7,8,14,10,12,6,17
4,9,8,6,2,13,1,7,2,18
16,18,13,2,14,2,15,18,16,6
2,5,5,6,17,12,16,2,4,3
13,12,11,4,13,19,10,10,17,2
16,17,3,2,3,10,1,16,5,10
18,6,19,11,18,7,12,4,6,15
19,3,11,10,11,7,7,15,2,13
5,5,2,11,2,12,16,1,6,8
7,2,16,7,4,2,15,2,9,12
6,8,17,11,19,18,15,1,16,3
6,4,6,14,9,7,7,5,6,9
15,7,17,12,16,18,11,17,8,4
3,16,17,2,7,10,10,2,11,19
1,15,4,7,14,18,1,3,10,9
6,18,13,16,9,14,12,18,9,10
4,8,2,11,15,6,3,9,11,1
2,5,14,8,10,6,18,11,17,12
10,7,17,6,8,17,13,13,4,8
3,1,2,5,1,16,10,17,9,2
5,9,3,15,13,6,9,10,11,17
12,18,7,14,15,15,11,3,4,6
10,10,11,6,8,11,3,1,3,4
18,5,16,9,3,16,2,8,8,13
7,5,19,4,6,2,5,1,19,5
15,11,11,7,3,15,8,8,5,14
17,5,13,7,9,12,9,1,13,10
15,3,10,19,19,12,18,15,14,1
2,12,18,12,14,9,6,17,10,17
19,2,3,4,5,13,5,2,3,5
3,4,7,14,12,17,4,14,4,12
3,7,18,7,2,9,2,13,15,5
3,4,11,4,15,15,4,11,18,12
18,13,8,10,18,12,15,10,17,6
3,19,14,3,10,4,4,10,3,9
17,18,10,12,13,17,11,3,12,19
4,17,10,13,18,19,8,3,7,6
13,3,8,1,15,13,7,9,16,4
2,13,14,8,2,14,5,8,11,8
1,6,3,1,1,10,11,13,3,10
4,3,12,6,3,15,16,16,18,10
3,1,11,14,17,10,1,3,14,16
8,13,12,12,1,3,15,4,12,12
9,1,7,5,14,14,2,8,10,5
15,3,15,3,17,12,9,14,17,3
16,12,19,10,6,5,2,16,1,19
5,14,15,2,10,16,11,5,19,16
1,11,10,16,11,12,3,7,3,14
9,15,11,6,9,7,8,12,5,7
5,14,18,17,10,15,2,5,11,16
6,12,5,9,7,4,5,18,7,2
2,2,16,8,13,17,18,13,3,8
18,10,4,3,19,18,16,14,15,4
4,4,7,6,13,2,12,8,4,9
8,18,10,5,11,9,2,11,8,16
11,5,14,9,4,12,17,17,9,13
12,11,17,9,1,14,13,3,16,5
14,1,7,18,15,11,3,13,9,14
2,18,18,9,6,15,7,2,6,12
3,16,12,1,19,18,6,2,2,14
18,3,3,1,11,3,5,3,15,4
11,4,2,14,12,2,3,13,13,15
17,4,2,6,2,4,11,19,1,2
1,7,19,18,3,1,11,18,16,7
12,10,10,7,10,2,6,12,6,2
6,1,2,1,8,15,15,8,4,10
7,18,1,13,9,3,2,17,6,17
12,15,15,16,10,17,2,12,19,12
1,11,4,5,10,9,4,2,13,17
2,8,5,15,1,2,12,19,8,18
9,7,18,9,6,11,5,18,8,14
19,7,2,15,2,14,1,3,1,18
15,1,17,4,15,4,12,14,11,12
2,17,4,5,13,18,14,8,3,12
10,3,12,10,3,17,5,7,15,2
9,1,2,3,16,5,1,9,14,1
19,2,10,1,12,18,2,15,13,15
2,10,1,2,1,19,8,9,1,3
17,12,11,6,16,7,4,13,7,16
11,8,5,11,13,7,17,3,9,16
3,13,5,9,15,8,10,16,10,2
9,6,18,10,8,9,18,6,9,15
14,19,18,13,18,1,4,17,5,3
9,4,12,6,8,7,14,18,4,16
17,2,5,16,12,7,10,15,17,13
7,11,6,17,19,3,7,3,12,15
17,15,9,9,15,5,7,8,17,5
12,19,17,2,7,6,10,12,11,16
5,9,13,19,3,13,3,14,1,5
10,11,17,8,19,17,11,5,14,8
17,1,19,10,8,15,13,17,14,14
3,2,12,15,1,3,12,5,3,10
13,6,9,8,1,19,4,3,15,14
13,19,17,3,11,11,9,19,9,7
5,15,7,8,12,19,2,14,2,10
2,6,3,16,18,15,17,2,10,7
9,1,4,6,5,11,14,7,12,1
4,9,3,18,12,8,19,2,12,10
9,1,8,16,15,5,18,3,11,7
14,12,2,9,13,17,3,4,4,5
4,8,15,2,3,13,10,3,6,15
15,7,15,2,13,12,16,15,8,10
16,1,18,11,18,17,12,19,3,16
3,17,11,2,19,5,9,7,6,16
7,11,5,8,5,9,13,7,4,7
10,11,16,16,5,10,4,7,16,16
19,8,17,19,10,5,13,4,5,1
5,16,14,6,12,11,5,6,7,17
15,16,16,8,18,4,10,10,5,14
18,7,15,10,16,3,8,13,14,14
8,16,1,15,19,1,8,7,6,4
11,15,1,16,11,13,15,6,19,3
17,5,12,19,13,4,11,19,10,9
15,15,17,10,2,17,17,3,6,13
19,11,14,2,12,19,3,3,19,10
3,7,11,13,7,10,11,5,11,15
18,9,2,19,16,15,9,17,17,12
10,12,4,10,1,14,19,2,13,8
5,8,10,1,4,8,5,18,7,17
18,1,14,10,17,15,17,8,4,4
18,6,5,1,15,13,3,14,13,16
7,4,16,15,6,12,10,11,11,5
2,1,4,14,1,4,18,18,8,15
3,14,14,5,5,9,3,12,3,14
1,5,1,13,11,15,6,12,16,7
16,17,3,8,6,3,3,19,3,1
12,8,19,7,2,6,1,15,2,4
15,5,5,1,3,9,6,11,5,8
6,13,18,14,11,14,18,5,14,6
9,10,13,4,3,12,10,12,10,7
15,17,7,7,12,5,2,1,19,17
6,16,13,2,11,15,10,5,17,6
3,9,4,17,19,17,7,8,13,10
17,18,13,3,16,3,11,3,6,17
18,8,7,18,1,11,14,14,10,7
14,15,9,3,1,3,19,19,3,7
19,16,14,6,14,8,18,14,8,2
8,14,19,16,17,12,16,8,14,7
13,10,18,5,8,3,19,6,5,14
7,16,15,13,10,13,2,13,4,6
14,1,11,18,1,19,5,11,14,7
18,3,13,17,13,7,15,16,11,5
16,12,8,11,2,12,2,19,5,17
16,18,5,10,5,8,4,7,16,11
6,1,13,12,4,11,14,4,1,2
15,8,8,18,14,10,16,15,14,10
18,10,4,6,10,12,5,11,17,12
2,2,5,2,14,19,2,8,4,14
10,5,10,5,12,16,10,18,17,18
13,4,17,17,4,19,4,10,2,17
4,19,8,16,12,17,15,16,8,1
5,14,15,11,19,6,19,3,15,10
7,12,8,13,18,8,10,2,19,15
10,12,17,9,13,4,18,1,3,11
18,15,3,7,11,8,12,9,7,16
2,15,8,17,18,15,14,8,8,10
9,11,6,18,13,10,5,17,15,14
12,13,14,11,3,3,8,16,15,7
6,1,11,5,12,17,8,10,11,9
18,5,15,15,18,7,1,18,14,6
3,4,8,3,19,10,17,12,8,15
6,2,7,3,1,14,13,14,7,4
17,7,15,4,18,14,15,6,8,3
1,19,18,11,5,10,3,2,12,8
1,10,9,18,15,17,14,14,14,9
9,1,15,14,2,2,19,15,11,1
2,16,12,1,11,5,17,6,19,17
19,17,10,4,19,2,13,18,12,8
12,2,6,18,13,16,15,13,17,12
15,9,19,8,12,13,11,3,10,19
9,7,7,7,11,13,5,7,8,19
12,5,12,10,4,6,19,9,14,11
13,14,10,2,5,16,1,6,4,17
6,11,4,3,11,15,17,16,10,13
8,2,5,11,11,11,5,15,19,4
13,5,5,18,7,10,6,12,2,8
8,5,10,16,13,1,5,11,15,4
18,19,16,17,9,7,14,11,17,3
5,12,18,12,15,17,4,2,13,2
18,9,19,16,16,6,17,18,6,17
16,7,17,11,11,11,3,11,10,11
2,3,15,14,18,8,10,7,19,19
5,7,5,14,11,6,4,13,12,14
19,18,5,12,16,18,15,4,12,3
3,14,4,9,14,10,3,11,14,15
16,10,9,15,14,8,5,17,14,14
4,7,1,17,4,6,11,1,11,8
17,6,15,5,3,6,16,14,9,9
2,17,19,11,5,6,18,4,5,11
10,11,5,19,7,4,10,15,11,8
10,15,13,18,16,7,12,13,4,12
7,5,2,6,5,3,19,13,17,16
15,4,4,9,7,16,18,5,11,10
1,3,3,19,10,2,3,14,5,19
11,3,8,11,16,7,15,19,6,19
17,5,12,18,10,15,9,1,7,8
2,8,7,4,15,18,17,17,15,1
13,4,11,2,15,16,1,10,3,18
11,6,18,3,15,11,3,9,2,10
5,5,19,12,1,12,9,5,11,7
17,3,4,3,10,7,2,5,5,17
6,5,5,13,9,16,2,11,19,6
10,19,14,11,15,10,2,12,16,12
15,8,11,8,9,5,9,14,4,1
9,6,11,19,11,11,3,5,18,3
8,3,10,14,18,18,11,3,18,6
1,8,16,1,2,1,7,4,7,5
6,5,16,12,9,13,8,17,6,17
15,1,11,11,10,13,5,6,7,6
2,10,11,7,5,14,17,6,5,15
14,12,2,5,15,17,17,2,19,11
9,10,15,13,5,9,2,17,11,14
9,16,8,8,15,18,5,3,19,3
4,10,18,19,6,19,10,13,4,9
7,2,6,5,18,11,10,9,8,16
16,8,5,9,3,7,13,13,6,7
14,6,12,1,15,13,13,2,9,10
14,7,11,5,14,19,14,16,10,6
12,8,16,1,8,11,12,17,19,10
12,2,9,9,15,11,17,5,15,10
16,15,16,1,5,19,4,14,19,19
17,2,11,2,9,17,19,7,2,4
17,1,19,3,1,4,18,18,10,6
11,2,17,16,2,2,10,2,5,13
2,13,4,9,16,5,4,5,1,11
17,13,13,17,15,14,10,2,5,2
2,3,12,17,15,15,12,1,11,19
19,11,18,11,14,3,12,13,18,16
1,14,1,4,18,6,6,18,2,11
7,7,5,9,3,18,17,9,3,10
8,19,13,1,8,8,4,12,17,9
5,2,6,17,15,17,2,13,18,10
10,8,19,11,18,7,6,12,2,3
9,18,8,3,16,19,11,1,4,12
11,13,7,3,16,2,7,8,18,2
15,5,5,15,5,18,11,9,4,1
9,17,2,2,4,2,3,9,19,9
5,13,9,2,14,1,9,9,1,9
8,1,2,11,9,5,10,4,4,9
13,11,5,17,3,4,16,19,10,7
16,11,13,18,7,8,8,1,8,5
19,13,9,2,18,17,1,16,3,5
16,8,11,15,7,5,5,16,4,18
18,5,4,5,5,11,7,13,13,8
18,18,1,4,10,13,17,19,17,14
2,10,1,11,2,15,12,18,17,7
4,2,18,12,2,13,9,19,3,7
15,2,14,11,15,13,7,13,16,1
2,7,8,19,1,13,5,8,2,9
8,17,15,19,16,9,3,11,2,5
15,14,12,18,7,9,4,7,14,11
4,3,10,12,13,14,8,1,11,9
17,3,1,18,8,11,15,17,3,13
5,6,18,11,14,14,12,2,9,4
6,17,5,2,9,15,19,12,7,16
6,7,14,7,7,8,4,11,17,19
17,13,12,9,7,3,13,9,14,3
2,7,4,5,12,19,6,11,15,18
3,3,18,19,14,9,1,7,14,17
18,11,11,17,18,6,6,2,19,11
3,3,16,3,2,16,4,12,5,1
5,5,13,11,5,3,9,1,3,19
17,15,7,19,17,7,15,9,13,18
5,15,19,10,7,16,17,13,4,12
5,4,15,1,13,8,14,8,19,17
12,10,3,6,12,1,5,3,14,10
8,17,2,13,11,18,18,4,19,7
14,8,16,4,7,14,14,2,11,11
12,17,16,1,15,4,7,10,16,2
2,4,7,11,9,3,19,11,18,12
1,19,17,1,15,19,3,15,3,1
2,6,2,18,7,18,10,9,6,3
1,7,1,6,14,12,18,4,17,14
2,11,13,5,17,14,6,5,2,12
15,1,6,13,12,9,13,5,1,18
5,1,6,5,4,19,11,18,4,1
1,15,8,13,6,10,13,16,10,5
18,18,2,3,12,11,12,1,17,5
3,16,6,2,19,7,17,18,6,7
11,18,6,4,12,7,13,19,4,16
3,16,18,4,14,7,5,7,6,5
11,13,16,14,16,5,2,8,4,8
5,15,3,4,11,14,16,10,2,17
7,14,2,2,10,3,6,8,1,8
19,14,1,4,18,6,19,12,4,5
14,14,14,14,6,18,19,5,10,13
13,9,2,12,5,12,5,14,9,12
8,1,17,12,5,5,14,14,2,11
16,13,9,11,16,14,11,9,6,17
16,12,19,10,12,11,1,14,18,2
19,11,18,11,16,19,1,6,19,14
3,17,8,9,8,5,6,15,15,15
7,19,1,1,13,10,7,8,10,8
5,1,5,10,12,3,8,19,5,5
3,6,16,14,13,3,14,10,13,5
12,17,12,15,1,1,15,6,6,8
13,19,18,19,18,3,16,6,6,8
1,13,2,17,9,15,11,17,15,13
3,9,9,2,4,14,8,11,15,5
17,15,10,1,6,5,14,9,4,10
6,1,3,5,16,2,13,18,10,12
6,18,5,11,2,7,13,19,11,19
15,6,7,15,2,17,8,17,5,4
16,6,9,6,7,14,18,7,7,12
3,14,11,11,16,9,19,12,8,3
2,1,4,3,7,19,14,2,17,8
8,10,18,8,3,3,3,1,18,3
17,5,16,7,14,2,11,4,14,18
19,2,1,17,3,15,1,14,19,19
4,9,11,4,4,9,12,5,15,4
18,15,3,15,8,16,18,12,4,5
8,11,8,11,1,5,13,10,4,5
8,15,17,1,14,3,19,1,16,11
1,16,1,4,6,19,11,2,19,9
8,2,18,2,4,17,2,2,13,16
12,2,7,10,6,6,3,17,19,14
11,13,4,7,18,1,9,16,10,8
17,17,6,19,2,7,15,3,6,9
17,15,9,5,16,17,6,18,15,2
10,5,6,11,17,11,5,11,14,17
18,15,3,1,18,14,2,13,13,16
7,5,6,17,3,12,11,14,7,17
16,8,8,15,1,8,2,15,14,17
4,11,19,3,3,10,15,6,10,15
15,1,4,15,13,18,6,11,13,16
6,16,2,6,14,18,5,13,19,7
8,8,14,12,10,9,4,6,4,8
12,1,4,12,3,19,18,13,10,11
10,12,18,5,1,8,14,13,2,11
3,9,4,6,13,5,19,9,1,18
12,9,5,11,6,12,11,9,1,5
19,13,1,5,12,5,6,13,8,18
7,15,12,5,5,4,6,16,13,7
6,8,13,2,10,13,14,13,13,15
10,13,13,14,7,1,14,11,8,8
4,9,9,16,4,1,1,3,2,14
17,3,16,14,14,1,11,16,14,15
11,5,1,14,1,16,15,9,7,7
16,10,2,14,16,16,12,12,5,16
5,15,18,6,7,19,15,18,17,6
3,10,13,15,18,16,11,12,16,12
6,11,10,3,4,7,15,4,14,14
18,3,9,5,19,16,5,10,5,4
10,12,2,12,10,5,11,16,9,19
14,18,14,4,12,16,12,5,8,4
19,15,16,4,6,17,16,14,16,17
16,4,7,16,2,15,1,13,13,12
4,11,6,4,14,14,7,12,15,4
3,17,17,11,7,10,2,9,9,3
17,17,4,2,18,1,5,1,9,5
15,1,13,16,12,13,6,13,16,12
17,17,2,14,6,18,5,18,18,10
11,1,13,8,19,8,14,3,1,9
13,15,10,5,16,19,15,11,17,8
1,11,15,10,19,10,14,5,8,10
13,11,10,3,9,18,19,15,8,16
7,8,18,7,15,9,11,9,9,10
10,19,1,15,7,3,14,11,18,14
14,14,10,17,3,4,16,12,18,4
13,19,13,5,5,13,16,3,9,12
9,4,7,2,18,13,11,13,3,3
15,16,12,11,1,8,14,13,18,18
12,4,5,10,18,7,5,3,1,3
8,15,9,4,2,7,2,13,7,5
16,16,4,2,9,5,6,16,7,2
2,14,9,16,14,3,11,7,9,4
19,2,17,5,13,16,18,12,17,19
8,3,17,17,18,15,13,7,18,4
5,15,17,19,14,11,15,9,1,8
8,6,13,4,13,10,6,13,15,6
11,6,17,16,3,16,11,10,8,14
8,2,8,16,1,7,5,14,13,7
2,3,6,4,2,10,11,6,18,17
10,9,12,6,11,11,7,12,19,11
7,19,3,8,13,6,15,3,4,8
17,7,2,5,6,11,7,2,17,4
15,4,1,4,12,9,18,14,11,12
15,3,3,2,17,10,18,5,19,2
6,13,13,8,3,9,14,5,17,14
13,8,12,17,7,18,6,9,9,12
16,10,13,8,4,10,3,7,1,9
10,3,17,11,5,15,12,7,7,6
13,14,4,5,12,2,18,7,12,7
11,13,5,12,3,2,7,13,7,6
13,16,3,10,2,17,19,10,16,9
7,18,2,11,1,2,18,8,1,14
6,3,15,16,11,10,2,18,17,5
18,13,14,10,7,9,19,7,10,10
15,18,1,11,2,12,2,19,18,4
11,19,8,2,7,16,3,9,13,15
13,14,16,18,15,19,9,17,15,17
6,12,9,7,11,8,15,17,11,17
9,11,8,19,1,3,10,18,13,1
11,16,16,18,6,6,4,19,15,17
8,12,9,9,10,17,10,14,9,16
17,2,6,12,15,10,3,5,14,17
9,1,3,17,16,3,3,13,1,16
13,11,11,12,12,10,7,19,4,5
7,13,4,6,4,6,6,12,18,15
19,10,16,18,14,17,14,11,17,15
9,6,7,16,14,12,18,5,19,16
14,11,13,7,19,8,7,6,9,13
12,14,17,11,18,11,8,11,2,13
5,12,4,12,8,7,5,18,4,11
16,9,9,9,16,7,8,9,19,9
11,9,1,2,6,12,2,3,2,2
19,15,14,5,10,15,5,1,17,11
13,16,2,1,3,4,1,9,11,15
15,17,8,9,1,7,1,4,3,14
1,14,2,6,9,14,9,12,15,12
8,10,8,9,6,6,9,14,11,4
10,11,3,9,3,18,13,3,11,11
12,19,13,5,9,17,19,1,13,17
1,16,8,7,4,13,16,16,5,19
12,1,18,17,17,18,17,17,8,2
15,18,8,9,2,10,16,16,11,13
9,11,7,16,19,2,10,3,17,14
14,2,12,7,2,9,2,8,10,16
1,5,15,8,17,7,19,12,19,13
16,1,7,1,6,8,2,1,19,12
1,8,17,10,9,17,3,6,11,14
7,9,9,17,11,18,19,3,4,6
6,19,13,1,4,1,12,6,17,17
9,14,7,2,1,12,16,4,17,1
16,16,8,18,9,15,15,11,7,7
3,15,15,12,6,2,10,9,9,14
14,7,4,9,4,1,17,2,16,10
10,17,16,4,5,16,2,17,14,7
16,12,4,9,16,10,7,13,15,3
10,11,15,10,7,15,7,14,16,2
1,3,13,19,11,14,9,8,18,1
10,17,17,15,16,14,3,11,10,15
9,4,1,7,6,4,6,3,15,16
14,15,10,13,17,13,17,1,14,15
6,4,7,18,6,4,7,13,7,9
7,13,9,10,14,9,3,15,9,5
15,4,4,4,3,3,1,17,3,3
3,14,12,19,4,1,19,12,16,4
1,2,1,4,4,10,10,5,9,2
16,4,13,11,10,19,10,5,2,1
2,6,18,7,2,13,16,18,3,6
10,17,15,10,13,2,18,14,2,19
10,12,19,7,6,2,5,12,4,1
19,7,16,2,11,17,7,15,14,5
7,16,7,2,5,4,5,14,5,16
15,6,19,8,19,7,15,7,9,9
13,9,16,1,19,17,13,10,13,12
17,14,2,13,10,13,17,7,6,9
14,8,10,1,12,3,6,18,12,18
10,17,13,14,6,18,6,4,11,14
5,9,11,11,7,2,6,18,13,16
1,17,12,6,14,10,12,1,10,9
19,4,14,12,5,9,2,3,4,4
6,6,9,5,13,6,18,15,18,4
3,9,4,14,16,17,3,5,7,17
7,16,8,6,2,1,13,13,10,6
14,15,5,16,3,19,10,7,3,19
1,17,12,14,12,2,15,16,7,14
17,2,9,16,7,5,9,10,1,19
3,3,1,1,2,14,14,8,2,16
15,6,4,11,7,1,16,16,12,5
4,12,5,17,16,9,18,2,9,2
10,11,14,17,16,1,17,10,7,13
1,12,15,15,15,1,5,12,13,3
12,18,11,18,16,15,13,19,11,4
10,19,19,10,7,8,3,10,1,17
5,15,12,11,1,14,14,5,17,10
13,3,18,6,19,5,5,13,14,13
12,9,10,12,10,3,3,14,10,15
18,17,8,16,15,8,10,4,7,18
14,12,15,14,6,2,14,10,1,17
2,13,12,10,4,7,19,6,19,16
7,8,18,7,9,4,16,14,13,7
3,16,4,3,1,18,18,18,4,6
15,12,15,18,11,2,8,8,1,5
7,10,17,6,17,6,14,3,3,17
7,8,14,18,18,2,16,6,3,11
16,11,8,8,4,8,17,16,7,6
13,18,11,6,14,8,18,11,15,1
18,8,18,9,7,16,8,19,12,19
7,12,19,8,15,5,16,14,17,10
6,1,14,15,11,5,5,13,15,7
3,12,19,15,15,17,11,15,7,4
6,4,5,1,18,11,4,6,12,19
16,9,11,13,14,14,4,4,16,6
11,17,16,3,15,7,2,4,16,17
16,4,17,3,5,12,10,19,12,16
10,13,8,11,4,19,13,11,17,1
14,16,18,5,16,4,19,15,5,12
4,12,18,5,3,11,15,14,13,15
3,9,15,5,8,5,13,18,13,16
7,16,9,7,15,12,12,4,15,6
7,15,16,8,15,3,18,10,14,19
13,2,13,5,11,18,15,15,16,10
14,17,8,18,5,3,3,5,5,13
12,12,16,12,19,15,16,5,6,13
15,5,18,18,13,13,6,7,6,13
18,7,13,14,2,9,3,16,5,16
6,6,8,4,14,7,14,4,19,19
6,7,6,8,16,9,10,9,13,18
17,19,1,6,9,16,14,16,5,9
1,10,1,15,3,15,18,17,10,14
11,6,16,8,9,12,14,1,2,5
8,10,1,4,9,3,4,2,9,12
2,5,3,5,11,16,5,11,14,13
13,6,4,14,6,1,2,1,8,3
10,17,1,10,12,9,9,16,17,11
7,10,16,15,10,14,12,13,9,11
18,10,16,12,14,18,4,18,18,14
2,14,16,12,10,4,16,2,7,7
19,12,17,2,8,3,13,17,1,19
14,11,15,15,15,13,13,1,17,4
8,6,17,19,15,4,12,4,4,12
4,17,4,6,8,8,10,18,2,6
13,12,18,9,3,13,11,11,16,13
16,4,15,5,17,12,6,18,12,12
5,16,18,14,18,18,4,9,19,9
19,3,6,12,6,2,16,14,14,14
3,12,7,18,13,2,16,6,15,11
6,12,11,14,6,6,7,16,4,2
16,17,3,17,1,1,13,18,17,17
4,1,19,8,7,17,4,17,15,5
2,13,6,12,1,7,6,11,11,3
3,9,17,11,19,1,14,10,5,1
18,1,1,5,3,16,13,13,10,5
14,1,13,11,9,19,9,8,17,16
19,3,7,17,19,10,7,16,5,4
1,19,1,1,6,16,4,2,4,12
3,17,11,15,2,7,12,17,16,15
16,14,3,14,8,9,16,15,4,2
8,14,9,6,6,15,2,10,10,19
3,13,1,5,6,17,13,14,3,19
19,6,15,9,7,2,19,16,6,17
1,3,4,7,13,19,18,9,16,8
13,15,7,6,10,10,9,2,7,4
2,5,16,5,18,14,4,6,11,9
7,6,5,14,4,18,17,7,9,18
12,16,19,3,13,6,12,2,7,5
3,6,9,4,12,2,2,12,16,12
14,15,13,5,7,12,7,11,7,15
10,2,8,3,14,12,19,16,14,3
3,6,17,18,8,9,6,17,5,3
6,19,11,2,10,2,19,10,11,9
3,3,2,12,13,12,7,18,6,7
4,15,16,17,11,15,1,5,10,3
8,6,5,13,13,19,13,15,17,18
9,1,16,9,18,4,2,14,18,8
9,9,16,11,6,6,1,2,19,5
15,16,1,11,15,13,9,9,10,13
17,2,16,12,17,4,5,7,18,9
12,14,7,2,19,1,18,15,17,7
4,2,4,1,4,14,8,7,18,17
17,4,3,18,7,19,16,18,12,11
17,2,2,5,2,13,15,19,17,12
14,13,9,13,4,16,10,14,7,17
19,3,1,11,7,8,15,2,17,6
10,6,6,6,16,14,16,16,1,15
1,14,11,13,17,14,17,12,16,19
9,12,13,19,7,7,13,4,7,2
2,11,15,13,15,1,10,1,16,11
7,18,15,1,4,16,2,6,13,7
13,6,9,5,11,17,19,16,8,18
1,3,10,9,9,15,15,18,14,15
9,4,18,2,11,4,7,6,10,5
14,12,2,1,19,7,13,16,3,14
4,1,15,3,5,18,7,16,6,12
10,8,11,5,17,3,12,19,5,10
11,17,10,11,10,13,14,9,13,9
1,3,3,18,1,7,17,3,7,4
9,1,17,10,5,13,19,5,3,1
5,7,9,3,13,5,17,15,12,15
2,14,13,9,15,12,16,6,14,7
12,4,8,1,1,7,11,12,16,14
11,16,16,16,5,2,9,9,2,4
2,7,4,14,17,5,5,16,6,2
6,19,10,7,5,7,17,3,14,13
14,3,5,1,13,18,3,16,11,12
19,15,9,13,15,11,4,8,18,3
10,17,17,6,16,16,17,6,6,14
15,15,11,12,10,1,2,17,9,1
12,7,11,10,3,2,16,7,6,5
18,15,7,8,1,5,19,4,13,9
2,6,12,9,1,19,10,9,17,2
2,6,4,5,18,5,7,3,3,5
18,9,3,19,13,15,16,3,19,1
1,1,2,3,1,2,17,11,10,19
16,8,14,15,11,6,3,18,17,17
16,18,17,16,14,12,3,3,2,18
2,14,17,3,14,2,15,19,11,1
6,18,1,14,2,11,1,11,9,18
2,1,3,19,19,6,18,17,5,19
16,19,2,2,12,18,4,16,18,17
1,12,7,3,18,16,19,10,17,3
8,15,1,1,5,18,12,6,3,12
12,11,18,12,13,11,10,18,17,11
8,15,13,11,15,9,17,12,3,7
14,12,15,8,13,17,14,9,15,13
17,3,5,19,4,3,1,11,17,3
10,2,7,18,7,7,10,8,10,18
13,13,13,8,9,11,18,8,3,14
19,6,2,12,9,12,5,8,9,4
2,13,16,14,6,1,9,5,8,1
19,12,18,4,9,18,9,17,19,16
2,8,8,2,4,14,16,12,8,10
6,2,15,8,10,2,5,1,3,8
2,8,1,9,7,7,19,5,2,17
10,5,13,18,12,2,7,11,6,19
7,2,10,8,9,3,18,10,13,14
10,2,12,18,11,18,3,9,4,16
18,1,3,11,4,11,11,19,13,10
13,1,2,6,5,10,5,7,13,18
3,9,5,1,5,2,2,17,3,2
6,11,12,13,16,15,8,11,2,1
8,5,18,9,14,6,19,11,3,12
19,8,6,16,15,19,10,18,14,4
9,13,4,8,17,4,18,17,14,6
7,15,11,19,19,14,12,4,1,11
10,4,11,4,12,9,6,18,16,6
15,13,2,11,10,4,17,11,6,3
5,12,1,4,11,12,2,11,16,1
10,2,8,17,1,7,18,12,7,14
10,7,17,16,17,2,15,15,13,19
19,10,12,9,8,10,16,5,8,9
14,6,7,6,18,6,16,9,5,6
12,11,18,16,10,10,9,13,19,13
3,9,16,8,9,8,4,15,19,9
18,17,17,9,6,19,12,4,15,6
9,4,8,6,18,11,13,19,1,14
19,17,4,15,12,2,9,1,19,19
14,19,5,19,5,16,8,2,18,19
9,12,14,3,15,11,12,6,16,18
8,1,12,19,6,8,8,1,8,4
9,6,2,3,11,9,6,9,8,5
13,11,16,14,10,16,16,19,12,11
9,7,12,2,9,18,18,8,17,15
12,8,1,14,11,7,19,4,7,3
7,4,7,3,1,12,9,17,14,16
10,12,12,12,3,7,11,1,15,18
4,9,5,11,7,3,19,4,10,9
15,11,7,15,19,10,9,5,7,13
6,7,2,3,17,10,17,6,2,3
3,17,9,15,3,9,13,10,3,4
19,13,6,10,7,16,3,19,3,16
17,3,16,6,8,2,4,10,2,12
15,6,11,9,6,8,2,13,7,1
8,4,1,19,7,4,11,16,19,4
8,19,3,17,1,3,14,2,15,2
19,8,6,17,13,16,1,10,3,15
8,2,17,13,4,14,11,6,4,18
15,2,7,6,8,16,15,2,10,14
18,3,6,18,15,17,4,19,6,16
13,15,8,15,9,7,19,7,5,16
12,4,17,17,1,5,1,7,2,4
10,9,14,13,14,19,16,6,13,5
2,10,4,12,2,11,17,19,5,5
6,11,18,16,14,10,14,16,10,4
9,3,17,5,4,4,14,1,1,19
18,11,16,17,2,1,1,15,2,18
1,10,13,18,7,15,11,13,5,16
14,7,16,14,2,13,12,1,3,9
9,11,12,12,6,6,12,16,12,10
17,9,2,5,5,7,8,18,17,19
11,9,13,3,2,7,3,17,4,7
10,5,11,18,10,11,3,13,18,19
2,9,12,9,10,16,1,15,4,3
16,5,8,15,14,12,3,8,7,8
16,14,6,12,10,19,19,12,19,13
4,5,17,1,16,1,8,13,14,7
14,1,9,12,13,18,19,18,7,12
12,14,6,8,5,15,13,16,16,13
1,2,19,9,4,6,6,13,3,19
5,7,7,2,2,9,8,15,14,12
8,17,17,19,7,19,17,4,13,16
13,12,10,3,6,14,14,8,1,14
18,10,11,6,19,14,18,11,3,11
1,1,13,15,5,15,13,1,12,16
17,9,8,16,13,17,8,1,14,9
10,10,7,5,9,9,4,11,17,2
18,13,16,12,13,9,7,19,11,9
16,3,11,14,8,4,2,3,17,8
11,4,3,15,11,4,3,4,19,9
18,18,7,13,11,18,7,19,6,1
10,8,15,5,7,19,1,18,8,3
11,15,4,12,19,2,5,19,3,2
7,3,1,3,11,3,11,1,18,5
9,3,9,1,16,10,2,10,12,1
1,16,6,9,15,9,9,12,16,19
19,5,12,1,19,5,7,15,10,2
15,18,13,10,4,2,15,13,9,9
19,10,5,19,17,3,2,17,6,19
7,7,12,17,10,11,17,18,5,11
3,5,8,11,14,10,2,7,19,1
5,18,11,4,1,19,18,5,4,6
1,8,9,7,10,2,5,14,9,10
10,2,1,19,11,4,7,10,19,12
6,18,17,14,6,14,1,17,16,3
16,4,4,19,15,6,10,15,19,11
10,1,11,7,5,16,14,11,14,4
4,19,6,8,2,8,18,5,15,4
19,9,7,12,1,11,12,19,15,12
6,12,4,12,5,11,14,5,3,17
8,6,4,10,5,13,11,4,5,4
1,10,5,10,1,16,10,12,6,5
19,1,15,2,1,8,4,12,6,3
10,6,4,17,6,19,16,2,18,10
17,4,13,12,10,4,10,6,12,13
10,6,10,9,19,6,12,5,8,12
16,4,2,5,11,4,1,4,12,15
7,5,3,1,17,15,18,6,3,2
7,9,12,8,10,10,13,2,12,8
3,7,17,6,4,10,5,19,1,5
4,12,17,11,2,12,16,3,9,2
2,4,15,4,7,4,12,12,14,5
11,15,15,10,11,3,6,9,3,1
6,8,14,10,3,3,18,17,19,4
1,7,4,19,18,4,14,8,10,11
5,10,15,6,13,9,2,2,1,2
12,7,18,11,8,7,12,4,19,7
2,16,18,12,8,4,5,2,14,14
2,12,18,19,3,8,1,5,4,8
14,9,8,7,2,9,12,6,4,17
6,9,7,2,19,8,11,17,4,1
16,3,9,18,5,2,11,9,12,9
5,8,14,17,9,19,17,9,7,12
14,4,5,17,14,6,10,16,13,6
9,12,6,9,11,11,13,13,6,13
2,18,10,17,17,7,13,10,10,8
3,14,1,13,10,1,18,10,5,12
1,2,16,9,13,6,9,9,6,9
3,6,2,16,7,2,17,2,18,18
4,12,2,10,6,7,12,13,13,1
13,7,1,9,3,9,12,11,6,14
13,10,16,3,19,11,5,9,3,4
7,17,19,9,3,6,8,18,11,5
7,15,16,2,3,14,1,6,17,10
12,3,14,3,8,3,17,13,6,14
11,15,7,4,4,9,8,6,17,11
7,2,8,4,16,12,17,8,19,9
8,2,11,8,12,18,13,15,10,5
11,1,7,8,19,1,4,14,7,3
5,8,4,17,5,5,6,7,14,18
5,3,15,16,1,18,14,11,15,14
1,13,2,16,1,9,17,5,3,15
19,13,13,19,12,5,3,7,13,8
19,6,9,17,18,11,19,19,14,13
10,14,18,13,12,6,6,18,7,1
6,11,5,1,14,15,4,14,18,14
16,16,5,3,18,18,19,3,11,16
5,14,9,17,11,1,18,5,16,8
14,9,6,3,4,3,15,8,9,9
4,14,1,16,7,1,15,1,5,1
7,3,11,11,19,2,5,4,19,13
8,15,10,5,17,13,15,16,7,13
13,10,2,5,8,16,7,10,18,18
16,8,1,14,12,10,6,1,10,19
12,2,13,18,6,16,12,2,9,2
4,5,9,19,1,17,15,15,11,10
15,17,4,13,4,1,11,9,1,6
16,11,7,16,3,17,15,6,2,6
19,11,2,15,14,17,11,16,11,19
16,10,12,15,7,6,3,12,11,1
12,17,12,9,16,7,2,9,15,8
10,10,18,2,5,4,3,8,9,10
2,12,5,16,19,18,3,12,11,1
7,15,19,6,19,16,6,1,16,4
4,15,18,7,5,6,8,2,12,9
8,3,1,7,10,17,19,17,1,15
5,6,15,16,18,15,3,14,2,11
2,18,4,19,14,17,19,3,13,18
13,14,16,8,15,16,16,16,2,7
5,5,2,14,7,17,6,15,2,17
6,13,8,16,18,18,12,8,5,4
9,6,14,16,4,3,17,11,19,4
17,10,7,18,14,14,9,17,3,2
1,3,10,16,8,6,6,18,11,12
14,9,2,13,18,10,2,15,10,14
19,13,9,4,13,18,5,16,10,11
4,18,18,18,19,12,14,2,13,4
1,16,10,19,5,7,1,17,9,9
3,18,8,5,2,2,7,16,4,6
8,10,9,15,13,8,18,15,6,11
16,17,7,7,5,17,4,4,1,13
1,19,5,9,9,7,1,5,6,14
18,16,10,15,15,8,5,1,19,19
7,13,6,19,6,11,8,16,18,4
7,11,10,16,9,16,1,5,6,8
16,12,11,9,11,10,4,9,10,14
10,16,14,9,8,11,1,9,5,8
13,15,10,16,6,7,13,6,6,7
13,8,3,11,7,17,13,13,1,3
16,11,16,17,14,15,10,6,16,1
1,19,10,1,9,11,2,17,11,10
10,1,3,1,13,19,8,16,13,2
8,5,4,7,7,11,8,12,9,9
3,5,10,19,11,5,9,17,14,5
16,18,15,11,8,9,4,16,15,6
14,12,14,19,10,17,19,4,14,15
1,17,17,1,15,17,17,11,7,19
8,19,6,8,8,18,7,6,10,15
19,1,1,7,11,16,9,16,1,5
10,18,9,2,4,16,8,13,8,6
3,18,8,1,18,8,18,11,17,5
11,4,2,4,19,11,1,3,15,17
9,18,19,11,10,10,5,1,2,14
12,8,1,12,15,16,18,5,15,5
5,2,9,4,16,16,3,8,4,10
14,12,16,8,9,14,14,3,9,13
4,16,15,5,8,13,16,1,9,13
1,16,16,19,13,3,6,14,19,16
3,10,7,9,18,10,18,9,8,10
13,7,5,12,18,16,17,6,11,16
2,16,17,11,4,5,7,10,8,19
4,11,3,18,5,5,2,3,18,18
16,15,9,1,6,6,14,12,16,14
17,10,4,4,2,13,19,3,2,7
7,5,14,19,6,9,7,16,5,15
12,13,17,19,3,4,18,6,15,18
18,19,2,8,7,1,13,17,2,1
6,13,9,18,1,13,2,11,19,3
5,8,19,19,17,19,4,11,5,3
12,3,3,19,9,6,6,8,15,1
10,16,11,11,4,2,9,9,9,2
4,13,8,3,6,12,8,18,2,15
6,10,17,17,17,18,17,13,5,3
7,2,8,17,6,12,18,2,9,12
15,1,3,16,10,14,17,13,16,19
15,18,8,19,3,15,7,2,18,10
11,4,14,1,8,6,5,11,10,11
16,5,10,6,18,19,19,6,1,16
15,17,2,7,3,17,16,10,13,9
6,3,12,12,11,15,10,15,15,3
14,19,7,11,3,11,4,11,15,4
12,5,10,14,14,16,10,10,1,17
15,3,17,15,14,6,8,10,6,16
7,1,6,12,18,6,16,8,10,10
1,17,12,18,7,10,18,4,5,16
18,16,10,9,13,16,2,4,18,15
11,11,12,13,7,13,1,1,11,6
12,2,5,1,18,8,19,16,2,18
1,1,8,18,12,4,8,19,10,9
13,2,19,10,6,8,18,10,6,12
13,1,10,3,12,12,2,7,18,16
11,19,10,16,6,19,9,12,10,7
13,2,2,12,14,14,1,18,13,11
7,10,18,1,14,14,12,15,7,18
5,9,19,16,9,4,9,7,15,15
17,7,16,19,15,9,3,13,7,13
16,12,11,3,1,8,13,1,10,5
4,10,4,2,2,5,10,3,15,11
10,16,4,2,5,18,18,15,5,12
19,17,12,13,19,7,3,16,10,16
12,2,1,11,19,4,6,11,13,15
13,2,4,19,3,15,2,4,19,4
15,3,16,4,18,17,8,5,13,5
19,10,5,3,18,1,5,17,7,9
15,1,4,3,11,17,2,19,8,2
10,14,2,5,2,17,18,15,17,17
19,10,8,18,18,12,3,16,5,18
10,15,2,10,9,8,2,16,9,11
11,11,15,15,9,7,19,7,15,12
4,18,8,1,16,10,8,8,4,13
3,13,14,8,14,10,3,7,18,14
6,3,2,13,9,15,15,3,12,5
10,5,1,6,5,1,8,4,19,8
3,17,10,17,19,5,18,7,9,19
2,6,9,5,6,4,18,8,15,15
18,8,4,10,8,8,17,3,4,6
15,2,15,1,9,16,18,13,2,11
4,14,2,17,12,10,8,16,16,12
4,5,8,2,2,15,5,1,10,1
8,11,7,8,11,1,14,1,17,14
15,3,6,12,13,4,1,2,18,12
16,8,4,18,14,8,12,13,9,17
10,3,6,18,7,6,18,8,5,11
7,12,1,2,1,12,9,12,13,12
1,4,1,11,18,8,7,10,7,3
18,16,15,7,11,8,5,13,6,4
13,19,7,16,7,2,15,13,15,14
17,2,3,14,6,13,1,8,11,6
16,16,15,5,7,18,17,2,1,3
14,1,4,2,13,4,7,6,5,16
18,5,4,11,17,13,17,5,17,2
1,10,16,15,9,1,12,2,19,15
7,15,2,1,4,8,18,16,16,19
6,16,10,16,12,19,10,9,12,13
5,2,17,6,4,1,1,7,14,5
18,9,18,17,14,18,10,16,9,4
14,19,17,9,16,4,15,12,17,9
11,5,9,18,4,13,2,3,14,5
19,7,7,10,14,11,8,5,7,1
18,9,3,4,18,5,7,8,2,7
14,4,11,3,7,5,12,18,13,4
13,14,4,15,6,12,13,4,7,3
4,3,17,14,6,8,10,19,10,10
16,16,12,4,17,18,13,1,7,11
7,10,1,15,19,15,1,7,1,8
8,10,19,14,15,2,18,14,19,10
8,5,13,8,12,9,5,15,16,17
10,16,6,16,10,19,8,7,17,19
15,5,15,7,13,4,11,4,10,18
3,18,17,19,3,17,10,8,7,4
6,17,18,9,3,18,2,6,5,16
11,8,5,6,12,4,2,12,19,2
5,17,16,10,12,5,17,2,11,6
3,5,15,4,7,9,8,18,10,9
17,17,13,17,19,10,9,3,9,8
17,12,6,16,8,4,9,18,3,19
12,13,6,3,11,5,15,19,5,6
19,6,16,7,7,17,18,11,11,12
5,8,4,9,10,8,10,13,1,8
19,16,4,2,1,15,14,10,8,6
3,11,14,2,15,11,8,12,8,12
8,14,10,6,10,3,18,17,8,1
17,15,7,10,1,10,13,10,15,16
2,5,7,17,7,9,10,15,7,15
12,10,10,1,3,3,1,19,7,4
8,3,2,17,4,15,10,12,3,6
8,8,12,19,7,4,10,11,16,1
16,5,15,10,6,11,18,8,15,1
18,5,7,18,13,14,6,11,16,19
17,16,3,7,14,4,12,13,13,17
15,17,10,19,6,5,13,1,11,15
11,18,6,7,3,2,17,2,12,8
6,10,12,11,16,17,3,12,11,11
14,13,11,17,9,4,11,17,1,17
3,15,10,2,8,10,4,1,15,7
12,14,13,12,9,8,18,14,11,5
12,1,3,16,3,7,3,5,17,17
17,15,11,1,3,6,6,12,16,19
12,18,8,8,13,5,5,19,9,18
1,13,18,13,18,14,19,18,10,19
14,19,11,2,4,7,4,3,12,19
11,4,17,6,11,7,13,2,16,7
3,18,15,1,2,10,15,2,16,16
11,6,3,12,10,5,15,18,14,2
18,15,19,9,12,6,5,8,8,16
15,18,16,8,6,12,16,6,12,14
7,5,6,14,15,2,17,7,9,5
14,13,10,7,18,17,12,3,2,1
16,8,15,4,18,12,16,19,3,17
5,2,14,8,4,6,17,14,8,1
13,14,12,15,7,7,18,9,3,8
3,1,10,12,5,2,19,2,15,13
18,2,5,12,17,19,12,19,13,6
3,18,15,15,11,8,8,1,2,8
5,15,9,18,3,19,14,17,2,18
15,5,19,10,19,8,18,19,11,19
4,13,10,18,16,16,15,17,18,6
10,13,9,1,1,6,4,1,7,4
10,1,3,1,11,3,5,17,18,1
2,14,11,17,3,8,14,18,14,8
1,1,15,13,10,13,16,10,7,12
5,4,14,7,1,15,15,2,9,4
6,5,18,5,2,18,8,15,11,14
9,19,10,9,18,5,16,3,9,8
15,6,2,14,11,17,11,18,3,12
13,17,2,3,7,3,14,10,12,7
7,16,11,2,6,6,16,12,16,6
25,8,171,147,35,67,104,18,186,109
115,169,168,44,187,138,158,141,175,35
100,101,86,24,59,39,134,11,98,158
120,192,188,158,2,62,123,90,68,122
118,18,115,183,162,171,5,70,188,64
149,134,159,5,18,110,94,129,108,127
152,60,163,120,93,160,111,180,107,50
75,123,167,128,60,9,91,20,21,94
195,92,58,77,57,82,137,10,110,198
84,137,185,70,16,198,55,64,95,105
73,126,121,99,32,95,5,97,58,173
152,175,136,10,16,65,130,20,142,28
118,35,83,102,133,138,76,61,36,40
167,190,140,98,99,147,185,145,97,56
25,82,177,74,140,94,190,46,7,54
25,186,53,192,163,57,76,92,26,69
137,73,188,95,55,57,186,10,192,81
110,73,175,189,177,145,80,20,46,184
21,115,62,58,197,81,138,38,94,149
188,141,144,60,36,90,43,178,67,65
177,149,37,52,83,100,144,66,74,39
181,48,163,30,42,185,51,97,197,54
107,196,178,48,63,20,137,10,19,132
164,145,85,148,15,47,132,88,48,140
169,116,127,8,16,115,165,120,187,166
158,123,12,144,70,192,86,46,88,79
52,133,180,57,59,184,90,84,94,44
59,7,1,5,26,115,156,133,128,103
37,164,97,171,125,166,103,106,190,191
71,99,184,170,17,22,154,153,189,102
36,187,12,134,177,114,67,194,37,123
153,10,174,97,78,135,176,119,175,135
112,41,121,6,195,171,120,127,121,16
133,171,73,148,4,137,30,165,60,58
87,45,124,48,46,105,191,182,170,150
25,71,22,173,194,55,127,101,142,96
155,34,66,78,21,22,63,26,189,171
117,160,61,48,143,10,71,186,53,197
3,196,150,65,196,50,94,20,63,116
132,108,33,93,194,113,156,76,78,147
7,82,106,95,132,67,10,181,197,96
113,165,81,156,60,196,52,133,22,164
122,27,146,172,90,24,183,114,13,171
21,107,128,47,177,170,55,43,196,198
13,170,51,34,164,96,131,9,162,82
122,179,169,73,35,29,154,135,96,152
162,141,76,118,93,8,41,121,138,158
135,123,26,134,160,158,48,169,164,52
134,168,96,92,156,15,75,48,74,21
176,19,123,35,41,1,120,157,182,27
113,79,113,67,102,184,155,121,124,151
74,72,53,147,150,47,52,69,150,47
137,88,152,181,62,189,118,9,141,108
68,59,67,73,156,27,177,38,121,23
76,37,90,89,85,95,177,105,28,182
34,112,59,191,41,159,15,91,52,90
23,139,101,99,154,162,139,101,146,143
69,192,91,189,52,176,111,37,179,11
103,36,172,198,152,103,146,51,21,190
126,76,18,175,194,140,118,63,74,141
192,171,160,175,76,48,127,128,5,168
117,26,10,160,157,107,14,124,120,156
173,194,92,129,31,150,146,188,156,21
16,20,74,33,96,187,2,128,52,118
170,181,68,44,28,141,121,77,7,99
59,131,168,29,16,127,168,129,67,88
88,16,29,183,12,33,149,137,79,155
120,105,30,134,76,162,120,28,163,47
184,39,52,178,45,40,166,102,167,2
175,183,117,44,92,42,135,76,14,133
39,194,80,4,106,43,129,129,40,44
1,100,7,170,165,187,70,77,107,180
37,193,29,108,112,174,128,63,77,129
20,137,153,69,23,32,111,65,1,180
28,63,140,178,100,63,178,195,23,75
74,165,65,86,174,169,180,190,150,86
192,17,40,64,159,129,140,90,68,73
120,126,196,43,7,172,115,186,27,23
68,82,189,15,82,50,86,16,194,77
112,35,93,120,90,72,166,122,45,183
84,75,152,101,47,21,108,162,98,70
61,27,103,25,60,4,29,151,84,184
91,35,68,147,29,163,68,16,62,133
138,17,61,141,77,77,183,33,183,185
120,92,182,138,67,157,55,21,108,3
81,173,164,52,132,116,105,40,111,197
183,8,190,158,23,86,12,66,165,85
105,134,175,180,161,17,6,159,147,149
194,16,186,88,4,74,176,118,20,4
30,19,88,83,124,58,80,20,170,111
65,29,181,168,159,193,140,37,122,10
141,125,191,72,169,34,106,11,48,8
37,147,170,126,119,41,169,112,154,90
43,107,182,168,142,58,158,198,59,149
97,42,66,59,133,99,189,139,68,67
174,173,9,102,177,151,93,26,178,73
100,22,152,33,196,18,69,5,27,17
76,98,135,109,179,98,32,27,109,178
137,155,15,141,87,8,29,181,174,138
109,80,187,80,146,54,116,15,193,79
74,49,129,30,83,187,23,128,159,5
39,64,97,33,107,122,99,129,24,120
54,152,149,166,87,83,173,128,8,165
122,53,45,174,68,169,18,23,70,48
14,103,85,87,190,89,72,65,45,132
142,111,25,16,41,64,154,190,61,193
99,151,58,70,175,23,139,182,13,172
78,172,117,194,42,197,94,9,89,32
4,98,175,110,147,141,136,158,194,169
135,172,125,138,77,52,113,160,44,48
134,167,144,102,141,191,61,172,122,56
194,56,145,94,82,38,192,179,170,18
35,19,179,60,73,160,116,187,112,188
199,140,180,90,91,141,11,38,119,13
45,30,133,158,16,90,54,199,120,40
53,12,78,92,28,24,113,158,62,59
184,40,25,69,12,69,102,44,107,89
45,18,63,73,92,113,186,101,34,116
39,103,38,142,71,22,51,110,160,130
147,65,7,122,148,1,113,75,125,9
14,100,179,190,21,20,119,155,10,20
7,66,152,3,69,183,144,176,41,78
79,45,160,182,133,185,73,101,37,165
107,84,192,147,138,182,18,88,171,149
54,153,59,142,39,49,129,169,108,2
134,137,198,123,185,73,161,10,46,24
114,32,33,7,187,60,75,131,163,115
1,35,53,122,160,54,75,166,141,135
27,185,23,197,81,42,25,15,18,4
4,15,104,114,156,37,39,169,116,48
43,109,133,198,117,147,124,61,98,16
62,121,15,169,72,158,50,30,136,9
80,182,58,10,121,50,4,116,98,163
14,39,139,98,91,191,3,27,44,53
107,170,45,151,9,37,171,125,28,52
142,109,87,108,68,3,166,25,25,100
90,66,19,190,89,15,93,164,162,147
163,29,9,157,89,196,120,33,173,102
33,127,70,116,78,182,85,95,162,154
195,172,126,35,128,98,74,156,89,90
106,74,49,147,119,119,94,52,141,61
187,60,62,111,130,58,167,107,30,64
9,109,52,189,116,77,157,115,125,183
88,113,198,135,109,190,149,187,129,146
20,175,17,83,44,34,68,96,52,9
159,198,174,40,29,194,15,37,181,116
21,137,77,116,133,42,5,51,12,33
42,145,41,179,130,21,160,46,52,95
147,67,58,126,61,13,158,10,193,98
188,174,142,60,114,183,43,119,119,145
100,6,73,5,5,46,80,91,45,55
127,80,22,60,136,53,170,68,109,161
178,98,126,56,147,102,38,199,57,184
161,166,76,160,173,24,188,26,121,111
24,124,10,81,195,199,135,175,166,115
173,183,31,118,196,156,14,76,87,151
71,1,54,134,11,129,38,185,71,105
162,88,172,148,23,80,114,73,134,55
58,29,76,79,32,84,104,80,39,26
37,64,186,182,12,7,26,122,174,120
25,158,122,52,177,123,128,117,165,11
131,37,199,63,87,44,93,23,2,141
118,190,46,32,63,28,79,9,119,34
51,117,115,53,22,57,69,104,172,142
99,103,25,112,175,9,158,47,50,134
52,90,134,164,182,198,152,4,97,199
196,3,196,167,104,7,138,2,49,188
62,148,25,120,14,62,169,153,134,11
53,50,158,34,110,55,50,60,42,193
109,40,75,69,143,94,95,101,44,76
92,18,21,171,86,191,107,184,183,145
113,160,117,119,70,171,109,183,14,56
164,139,89,179,129,106,75,195,93,100
120,158,110,35,71,113,147,36,29,175
18,9,56,187,15,135,25,182,151,178
9,57,3,132,179,194,101,13,130,42
9,152,174,41,164,138,165,152,5,34
192,56,59,56,5,123,116,144,65,21
80,97,98,34,84,127,139,82,95,84
3,197,179,103,43,39,177,133,32,162
23,12,152,25,116,130,123,118,129,47
116,119,183,132,10,138,90,45,44,162
103,7,23,8,182,117,41,38,172,115
25,35,5,14,155,182,48,64,39,181
119,124,107,142,12,158,177,153,119,31
50,169,134,143,137,24,161,94,32,162
33,57,120,108,51,108,142,91,25,28
123,168,148,91,195,58,18,99,48,112
195,194,100,39,57,189,133,182,18,186
154,108,174,18,53,160,14,53,148,174
37,1,45,190,22,52,137,67,154,187
33,85,101,24,112,196,143,132,194,30
37,68,155,23,188,126,150,36,43,85
149,121,171,30,134,179,80,51,102,128
2,125,129,139,4,183,141,20,172,174
66,82,111,98,173,111,170,96,13,7
70,124,118,17,144,150,119,39,96,33
161,144,146,166,87,113,127,106,134,127
157,118,63,54,131,121,61,164,26,10
68,192,133,76,195,171,109,19,165,28
104,44,96,186,74,86,62,1,113,78
86,106,148,173,27,198,187,7,59,45
1,150,162,59,168,187,193,65,196,49
69,168,149,57,37,167,110,178,26,52
162,99,14,188,135,91,123,82,154,76
160,131,6,20,60,155,132,124,15,27
42,169,105,137,167,63,23,122,84,8
35,167,175,93,86,127,124,193,102,95
120,166,83,97,35,173,25,54,128,75
120,31,156,190,188,19,16,156,127,125
137,76,136,20,74,165,167,165,84,134
176,149,122,45,39,119,172,25,86,157
19,154,50,140,169,17,36,57,60,171
20,198,91,108,95,168,22,129,52,62
142,172,97,35,75,197,25,49,133,20
124,26,66,76,147,165,196,197,147,71
185,80,66,143,50,105,138,82,103,68
23,99,116,105,14,46,82,188,143,101
176,33,54,47,30,138,88,86,156,186
161,158,135,187,16,71,1,31,29,180
66,158,126,192,80,59,48,71,106,164
81,185,125,194,39,159,164,199,143,77
199,99,20,105,35,11,50,21,74,85
158,178,2,19,1,72,129,76,156,65
112,47,2,119,133,68,69,156,20,129
49,66,42,191,158,7,180,119,121,15
73,192,52,20,44,125,56,113,170,150
67,56,183,164,157,50,9,150,31,19
85,90,23,90,6,156,11,161,107,142
19,17,36,146,102,19,165,143,139,75
160,7,107,104,93,90,35,195,20,13
127,153,84,68,88,19,88,155,189,31
62,37,92,77,65,115,45,136,97,86
91,160,15,70,71,73,68,137,83,102
188,90,190,125,151,41,1,68,139,110
55,90,163,67,16,194,152,86,59,127
105,56,155,86,46,79,137,108,145,92
52,122,188,167,110,102,20,172,159,164
117,30,159,58,158,130,176,114,186,11
78,139,168,10,60,108,183,160,110,111
50,10,83,57,141,123,109,177,45,13
170,137,49,22,44,83,79,97,149,51
91,88,119,132,84,5,167,27,78,63
91,86,60,49,161,18,85,14,134,54
10,51,152,3,32,189,198,93,14,8
14,145,147,81,55,154,77,46,26,194
74,27,178,73,12,31,34,159,73,112
111,143,159,171,55,88,134,111,174,168
3,82,78,105,45,30,69,196,83,152
173,18,176,162,70,47,164,146,71,10
121,164,78,14,5,31,169,163,80,5
55,101,3,119,74,92,8,103,129,183
85,52,165,12,180,24,151,16,89,180
97,133,124,53,166,113,9,85,11,47
75,23,107,136,105,67,10,191,116,16
62,183,148,160,199,8,166,133,182,143
10,51,100,135,139,109,138,56,107,178
110,63,136,117,61,38,44,69,163,100
31,6,143,21,50,131,156,84,145,50
189,47,26,96,65,88,163,126,163,179
96,49,137,117,45,61,138,30,55,177
54,85,38,101,135,58,2,147,25,75
47,20,199,157,2,5,116,101,78,106
166,74,53,56,174,81,132,190,79,39
156,9,38,33,39,197,193,59,112,184
25,49,113,178,21,36,166,166,55,93
52,16,114,86,156,7,2,116,92,3
97,21,69,134,173,70,130,166,179,182
173,131,192,42,75,125,125,150,106,47
99,126,41,38,56,190,98,65,10,51
58,140,150,136,43,94,35,65,64,99
163,105,162,77,157,109,165,186,174,152
28,175,175,197,65,168,115,40,26,2
179,154,97,127,163,113,159,189,28,76
8,181,99,153,129,66,146,14,62,160
11,123,79,28,145,51,160,166,199,155
59,95,190,183,68,59,157,117,86,88
195,86,125,48,65,81,13,160,160,163
42,160,53,8,186,182,64,132,127,35
189,61,182,30,76,197,22,137,190,19
87,144,9,196,126,186,74,85,70,70
66,63,33,141,190,10,87,133,38,39
27,75,86,141,68,56,72,15,58,48
31,142,196,152,179,157,162,191,38,60
2,132,180,91,169,160,114,5,55,77
173,187,88,60,5,12,180,141,36,64
84,24,168,145,61,112,14,129,197,63
85,7,33,81,10,143,17,167,42,128
173,172,176,70,163,51,192,178,7,136
82,71,53,106,158,50,127,131,129,94
137,13,136,54,43,144,52,199,170,81
100,162,146,117,45,121,141,111,109,136
73,109,169,157,10,183,178,47,110,10
133,116,145,197,48,47,33,108,79,20
78,81,9,100,183,95,150,69,198,15
32,2,31,13,19,163,168,32,173,60
188,195,165,141,60,55,3,25,110,141
3,118,96,77,180,194,59,158,37,121
21,156,177,44,55,188,41,139,191,144
139,113,29,67,185,88,141,183,99,53
107,84,90,199,61,105,157,104,126,188
160,88,51,84,25,147,160,155,115,84
125,30,182,62,26,167,194,120,71,18
184,100,167,9,192,88,139,161,38,114
112,148,9,23,158,188,181,27,114,38
35,188,127,46,4,80,73,76,156,77
143,97,23,129,15,125,58,128,99,142
114,116,117,154,10,46,52,77,60,74
172,87,70,47,68,182,62,7,31,172
60,85,59,66,61,114,57,108,160,93
43,156,179,170,153,16,134,72,33,54
65,183,48,153,33,81,112,41,9,52
23,159,188,45,52,40,90,131,26,60
31,163,150,125,40,61,28,145,122,25
51,35,49,81,89,29,44,99,192,34
156,64,36,158,110,32,106,69,189,141
110,77,74,64,72,51,160,128,71,112
2,78,60,145,44,38,113,79,22,169
138,70,151,47,173,99,139,34,73,146
174,86,24,99,170,162,41,87,192,159
76,165,10,106,177,190,133,6,181,189
67,98,164,189,190,12,174,76,188,64
149,1,86,115,180,30,39,148,192,189
82,168,187,86,166,105,169,6,167,25
116,190,67,58,98,107,152,178,150,8
134,17,42,119,64,151,87,132,60,183
152,155,30,172,170,50,195,56,180,62
25,150,12,186,93,1,110,165,138,178
86,72,15,113,153,14,59,151,3,46
41,48,116,181,3,60,120,174,34,116
8,2,41,23,70,92,69,98,71,167
168,162,159,157,20,12,66,130,75,188
4,171,34,193,48,121,121,59,39,76
153,69,159,97,115,107,176,168,106,73
109,39,60,133,14,88,67,5,193,165
16,181,82,140,161,120,117,31,112,115
129,146,106,85,118,141,61,41,30,93
44,133,192,30,197,192,188,14,177,22
158,102,41,165,47,62,108,101,85,107
11,179,25,46,134,76,59,153,160,38
182,64,197,121,48,35,41,48,143,181
149,42,126,141,167,149,102,71,70,172
105,191,26,134,129,142,59,56,130,84
129,76,31,166,191,14,70,190,89,166
55,90,68,166,167,44,127,121,78,178
10,172,192,44,196,29,171,110,120,95
142,182,55,199,83,55,58,130,32,95
133,144,82,85,75,31,125,115,80,162
155,192,93,151,194,131,114,60,2,116
52,168,154,74,148,183,90,5,36,119
161,5,10,187,51,53,189,94,34,107
146,179,195,47,143,199,30,98,19,175
3,151,41,49,25,17,31,87,149,114
94,194,137,100,166,84,127,62,152,184
185,117,129,136,154,18,107,44,157,115
170,25,160,110,64,74,56,49,84,91
3,160,101,61,85,171,112,13,191,170
59,89,117,11,111,49,169,11,140,76
20,134,105,15,21,13,43,197,119,48
104,53,29,62,196,109,131,78,89,47
110,189,158,20,104,112,28,95,182,105
10,27,25,157,136,31,188,170,95,198
83,3,167,42,183,117,28,164,124,46
66,136,80,104,140,60,125,65,138,161
19,83,124,142,37,139,158,12,11,148
105,144,187,140,193,158,57,65,104,163
48,80,177,192,114,120,123,118,84,172
33,144,28,150,195,180,124,61,128,176
23,125,120,136,9,92,168,159,137,45
50,198,2,133,198,117,80,127,73,155
106,92,50,112,185,199,69,104,119,180
131,141,79,152,108,174,154,103,60,55
21,161,111,51,10,1,108,132,151,109
156,176,154,139,117,28,77,185,192,101
188,181,74,76,161,142,29,68,199,93
62,53,118,183,164,193,32,121,7,34
53,69,144,185,89,172,12,79,10,198
36,167,152,37,121,157,123,149,19,116
70,99,112,105,63,144,40,188,155,20
122,47,62,86,27,57,189,14,104,173
168,199,87,20,196,162,165,31,93,20
197,77,91,151,169,136,103,160,199,100
65,47,113,17,50,123,193,193,140,40
120,89,183,182,117,149,110,77,47,99
58,43,69,12,151,146,109,27,64,170
92,183,24,59,122,138,43,110,18,5
126,116,119,193,184,104,97,162,179,2
199,54,105,64,22,158,79,96,117,118
156,91,42,48,68,196,198,3,119,198
22,101,57,117,148,40,94,44,183,198
98,107,153,159,179,183,149,177,22,125
10,14,107,78,45,10,83,190,173,51
46,155,32,5,190,19,104,135,169,85
31,121,57,7,99,123,144,92,125,119
114,135,22,84,13,81,91,37,18,71
69,3,8,133,134,24,22,46,83,116
152,192,161,187,175,3,153,100,111,92
5,52,18,25,34,79,34,15,165,44
148,183,8,108,170,100,25,123,178,44
179,116,82,127,179,43,117,190,171,183
146,158,137,147,107,71,29,96,153,128
72,124,169,45,103,112,154,130,141,13
68,198,3,80,147,3,186,137,164,70
94,64,166,9,30,181,39,33,46,64
161,63,161,123,120,53,162,199,31,32
95,103,60,52,40,39,28,105,179,97
19,160,182,3,186,23,17,129,98,116
10,177,187,145,156,150,48,11,191,155
154,195,191,97,138,129,63,8,23,35
102,112,172,22,122,109,47,96,64,139
167,18,15,138,40,85,159,25,100,124
50,31,199,197,63,175,41,113,155,83
156,178,36,24,158,91,135,157,45,193
93,8,106,87,54,169,45,137,188,59
94,81,51,96,148,46,67,26,149,53
89,135,141,46,148,132,184,197,18,59
15,134,44,155,89,105,113,97,133,55
20,83,125,29,63,8,128,183,67,60
137,72,31,194,62,199,119,80,134,43
35,38,47,52,168,158,152,103,145,190
132,121,111,88,7,86,37,37,135,194
168,157,96,3,59,72,141,24,4,171
153,101,1,125,132,118,65,10,53,47
142,147,5,160,77,155,76,128,34,5
151,56,50,88,58,24,151,42,177,52
121,28,161,149,149,185,178,182,167,126
80,65,79,122,165,177,187,83,9,97
56,52,5,89,184,182,93,196,115,185
161,169,160,32,58,176,73,79,3,132
74,85,137,33,55,29,78,113,12,151
48,193,145,176,46,179,54,90,174,151
183,188,189,57,109,199,72,27,102,189
182,175,154,18,152,58,31,95,7,81
132,32,128,179,61,112,95,106,108,26
60,70,50,60,112,111,198,48,62,117
1,184,188,24,58,151,71,140,22,106
60,168,19,97,19,80,57,86,112,7
157,67,37,79,183,49,56,142,75,130
11,176,167,91,49,81,118,156,40,150
138,43,188,97,119,71,30,190,112,138
8,86,142,85,32,52,15,16,5,122
151,58,172,75,115,27,60,143,55,43
78,96,98,186,183,105,30,152,170,67
33,127,9,58,159,70,197,11,108,91
37,69,58,175,85,137,165,102,183,99
62,124,130,118,99,120,47,43,139,105
55,91,85,111,53,131,186,193,116,131
143,98,144,47,81,16,28,41,108,144
26,86,78,44,114,92,76,154,94,9
160,163,128,6,84,188,124,86,39,98
60,113,88,109,176,58,54,64,143,102
23,31,16,87,37,65,158,77,25,113
198,138,30,4,60,80,110,153,122,166
97,7,162,87,13,30,92,112,114,111
166,39,49,147,74,5,13,5,58,44
13,75,141,77,22,55,109,96,77,187
88,35,146,121,191,178,10,132,22,98
42,155,107,76,24,140,15,158,83,157
125,119,199,168,90,28,131,73,126,192
167,43,7,196,177,92,77,123,75,15
149,39,119,158,28,71,62,172,191,152
96,131,98,150,154,178,140,30,199,108
83,10,19,165,126,71,25,54,10,198
13,129,169,181,73,156,135,185,150,123
127,180,64,145,73,179,92,170,4,119
81,1,80,111,178,96,158,7,75,4
178,195,13,47,56,80,38,93,188,19
157,93,172,1,131,179,139,123,194,41
188,74,67,109,24,196,120,34,71,39
99,10,180,10,66,38,88,153,48,95
1,173,88,58,130,106,29,166,122,46
92,131,156,58,127,78,10,188,91,124
18,44,35,15,76,7,92,96,84,118
110,5,33,87,170,91,92,184,168,172
95,29,128,104,12,179,167,3,184,119
54,51,20,184,166,10,25,74,92,129
166,79,85,151,18,184,41,145,128,46
152,92,30,195,76,17,195,177,198,86
159,34,125,14,42,183,116,167,80,68
196,144,8,138,116,25,195,132,34,184
65,173,56,160,161,182,14,153,155,132
16,85,160,173,50,108,7,25,1,21
186,133,121,100,47,192,176,162,45,167
51,65,93,4,48,12,194,174,15,80
9,140,83,59,53,182,48,52,24,177
104,10,58,151,193,178,7,55,158,183
5,168,12,43,158,116,49,19,23,22
133,14,5,151,80,38,31,97,176,40
151,197,169,9,86,44,184,97,65,159
54,8,146,42,73,52,183,10,49,162
82,85,94,45,99,81,84,74,101,155
97,52,166,113,140,160,22,115,161,39
51,107,23,197,197,177,172,10,60,53
65,75,46,197,22,6,39,102,145,31
65,83,28,142,193,22,14,182,40,87
162,1,188,51,161,69,65,173,151,148
71,102,189,165,175,20,96,129,162,129
43,91,162,85,170,148,36,114,95,136
163,101,61,34,44,35,70,150,142,178
18,136,60,162,166,57,162,165,3,66
57,54,92,35,181,4,140,144,198,118
170,30,48,17,147,13,175,31,42,174
156,125,99,58,152,172,63,46,196,140
5,19,28,24,183,143,28,48,103,105
77,48,179,149,94,118,160,88,64,172
93,176,15,161,121,172,44,74,157,181
171,92,39,144,19,102,137,54,42,104
39,155,30,51,161,176,1,29,71,12
39,86,26,197,11,98,197,168,139,178
32,54,152,82,15,43,178,188,136,2
143,87,138,78,101,163,51,64,32,37
159,71,156,68,101,14,144,63,180,101
131,92,4,98,177,151,153,129,154,84
100,155,153,124,122,70,150,85,140,48
187,104,134,31,85,187,81,161,170,10
173,90,26,130,96,50,60,198,88,171
39,27,18,3,101,65,151,56,116,107
96,83,108,135,111,4,177,65,41,74
92,148,104,96,72,18,113,2,109,45
196,11,69,25,130,177,8,74,14,190
172,177,171,117,136,22,98,45,58,99
31,175,106,136,132,152,13,169,192,45
47,43,97,82,108,182,62,51,145,139
155,100,63,105,19,24,105,49,192,184
10,108,150,94,149,106,29,158,153,80
186,80,22,149,24,38,199,42,146,95
155,34,76,43,131,164,165,59,76,55
84,195,82,132,130,143,100,158,166,52
96,122,190,192,16,146,79,80,155,121
45,198,123,107,129,134,100,66,112,192
139,10,185,6,124,44,97,175,61,8
119,41,55,90,93,90,143,119,193,135
153,104,81,114,53,85,143,76,1,41
14,4,135,187,68,69,20,141,45,52
56,197,185,142,161,134,169,98,138,143
163,138,16,4,158,178,39,51,17,146
165,47,189,68,66,42,160,60,7,48
131,90,75,86,28,139,26,167,5,163
18,49,118,190,81,181,109,107,11,28
96,135,19,130,11,76,133,189,141,124
161,65,157,193,105,48,126,63,5,194
91,185,130,60,65,33,55,172,84,62
129,91,13,70,158,68,16,16,58,27
114,144,7,46,96,173,166,51,25,176
27,164,151,47,149,72,71,64,11,183
115,66,127,113,13,41,83,123,153,181
9,129,111,180,128,130,56,121,179,176
70,154,81,52,78,165,172,82,124,150
27,62,13,86,168,122,155,199,197,43
44,101,192,52,155,17,47,44,8,177
77,99,104,29,7,118,99,97,68,59
187,135,174,199,150,111,56,120,9,36
79,137,162,186,34,24,159,64,88,107
127,122,85,44,137,160,154,60,146,18
178,52,184,167,167,43,175,128,7,90
144,110,73,9,16,124,41,188,115,158
133,80,63,152,13,187,36,35,97,91
176,28,171,10,154,9,157,83,42,110
139,21,20,42,33,23,7,27,85,119
100,1,92,12,181,62,20,147,79,165
103,142,136,172,147,122,134,72,51,194
125,102,81,128,199,186,131,199,142,122
123,46,15,189,22,50,27,101,48,130
51,57,55,109,60,42,110,140,169,45
10,150,5,143,68,195,19,29,180,147
128,29,69,59,16,72,46,35,168,34
159,75,26,199,188,155,171,54,17,136
63,11,17,26,70,86,188,104,112,39
110,107,129,97,46,134,146,194,140,180
89,101,188,115,121,80,75,164,149,167
10,166,199,129,42,23,195,67,161,83
144,194,8,48,132,42,150,32,141,146
109,168,43,11,186,1,21,108,23,154
139,36,187,128,42,22,179,161,51,29
196,179,157,100,123,73,34,155,15,129
14,147,65,125,48,183,195,184,129,68
15,86,136,49,94,169,20,150,188,29
176,114,109,74,112,195,76,140,150,98
48,192,188,33,144,18,60,36,110,196
88,1,174,43,47,114,101,33,102,84
63,92,123,5,113,53,7,116,95,109
88,83,187,66,190,32,46,181,50,67
27,132,61,24,51,41,138,126,42,175
38,169,102,170,19,70,55,177,29,28
133,67,184,75,41,75,194,23,88,78
127,82,45,128,54,107,107,110,24,34
3,104,147,37,130,115,10,49,170,100
184,167,75,27,199,27,100,71,138,109
45,186,75,173,106,17,138,97,32,182
25,62,116,110,64,67,18,17,179,110
11,174,145,19,61,146,9,34,22,57
85,37,190,141,105,66,186,196,8,69
94,96,76,44,191,63,23,108,146,12
43,194,89,1,59,26,92,69,78,184
10,70,133,52,58,26,9,198,180,25
69,36,94,126,119,19,105,30,11,67
67,13,154,196,147,117,122,142,93,160
41,173,72,27,114,127,185,78,70,73
8,52,164,48,29,71,164,79,25,57
134,125,8,122,186,168,127,85,65,144
30,12,68,176,104,120,75,154,5,172
118,102,10,41,161,191,24,160,194,23
31,36,30,170,138,63,196,140,175,159
168,131,133,136,55,91,194,27,26,142
178,187,114,95,27,59,44,186,31,1
160,15,152,186,156,197,50,9,175,120
165,138,25,10,152,9,198,171,56,177
138,132,54,89,193,98,164,147,30,13
87,85,124,185,4,60,97,106,29,138
25,174,159,76,44,116,173,96,152,182
134,179,45,6,124,91,150,193,2,97
111,158,193,165,6,132,189,123,49,119
115,171,150,7,170,127,162,197,80,110
82,60,54,175,73,153,122,18,22,89
148,69,139,16,4,92,132,140,30,185
144,70,35,24,54,168,102,16,25,193
89,165,41,87,61,91,118,6,166,121
41,177,148,41,185,29,26,68,88,87
47,26,151,142,88,40,14,135,192,53
13,194,13,171,81,137,111,151,187,131
132,147,10,122,88,44,52,8,23,120
16,163,157,182,24,60,160,66,91,4
104,94,105,181,92,57,158,47,93,24
97,149,129,60,78,141,134,131,83,37
154,63,13,57,42,134,32,51,108,122
93,156,94,115,15,130,137,52,157,14
10,161,33,2,189,110,16,167,138,134
173,142,9,10,187,195,153,10,199,96
103,178,61,117,63,56,73,18,156,123
157,171,134,191,60,157,67,158,123,32
23,141,138,16,115,12,56,50,142,103
187,158,141,176,34,114,8,35,5,134
23,118,115,59,112,7,183,99,171,118
2,127,171,197,147,35,111,172,148,169
159,134,107,79,7,141,77,117,191,145
65,67,95,188,92,111,95,3,50,160
30,193,20,26,47,128,65,144,44,144
16,115,85,79,27,31,89,159,49,75
57,40,195,7,72,69,16,55,52,181
137,77,78,146,130,124,144,14,102,134
10,107,22,56,4,109,83,39,52,97
2,18,158,162,42,96,46,99,181,59
123,115,155,60,24,192,130,18,79,155
22,107,75,155,166,28,37,114,78,35
73,85,99,91,36,182,156,5,83,189
164,191,80,32,185,116,62,157,147,102
191,3,168,101,88,143,100,140,75,61
39,66,182,107,51,157,75,18,147,185
94,60,64,95,63,123,128,57,30,177
26,111,196,33,164,77,146,54,79,155
135,126,10,19,141,187,140,165,52,185
65,135,42,59,142,140,53,130,57,146
198,75,80,167,147,61,21,27,177,67
45,71,120,109,135,113,182,79,74,165
12,97,83,56,189,183,60,54,161,132
54,132,25,105,39,48,198,90,197,183
39,125,178,173,191,1,25,45,31,174
81,160,85,148,22,76,195,38,99,53
3,12,6,179,21,174,45,89,52,88
17,181,198,132,91,156,4,74,74,120
79,125,107,175,89,98,150,164,3,127
106,180,141,66,123,116,97,81,2,195
162,53,119,198,139,28,134,153,23,87
160,195,113,107,116,111,6,179,102,195
23,190,159,18,41,55,140,164,88,52
98,131,90,168,22,79,148,134,183,194
50,133,198,34,82,146,84,94,192,188
177,93,89,169,172,113,107,76,53,76
110,89,105,190,26,154,47,73,32,168
177,12,194,142,97,133,120,151,9,31
156,179,1,125,24,76,172,102,55,31
61,157,181,4,109,137,138,41,127,154
195,26,58,51,171,88,130,182,79,70
6,66,141,177,177,172,114,166,81,137
11,141,191,3,172,47,178,112,63,28
32,23,129,154,105,161,17,28,23,52
193,142,78,101,88,126,101,45,10,2
51,96,141,183,188,116,188,19,161,38
195,102,189,32,176,18,165,19,65,93
138,187,102,53,160,22,53,161,183,58
124,54,76,60,92,164,41,132,122,74
11,164,94,134,101,33,33,112,136,194
164,180,151,182,172,119,102,142,150,95
132,89,87,112,192,111,169,154,25,99
9,199,84,27,174,175,139,30,47,76
42,75,106,54,160,54,190,48,118,159
96,26,34,128,111,164,32,34,138,74
114,17,51,121,10,96,57,126,75,97
59,148,1,186,32,193,76,170,162,104
87,142,36,43,125,17,130,27,192,172
129,75,39,141,17,34,135,98,166,87
117,132,179,14,157,118,149,44,75,182
144,61,67,154,96,60,100,179,144,177
144,154,154,37,77,42,123,43,126,199
167,153,9,90,118,77,142,135,23,166
119,168,141,9,157,155,137,125,171,199
185,135,59,71,183,121,25,158,176,48
34,52,51,119,104,162,136,105,157,167
105,188,179,79,181,189,196,20,181,94
72,26,37,53,71,17,110,99,184,12
139,37,36,199,6,60,145,81,33,150
188,98,166,159,15,184,146,167,89,156
32,3,158,71,81,100,111,139,181,82
175,36,86,112,188,173,195,30,43,109
189,79,9,162,146,137,54,162,40,73
160,49,107,45,28,52,111,88,160,3
198,10,153,50,38,120,135,196,182,128
96,31,136,81,126,180,79,133,18,160
114,73,108,79,78,142,119,43,26,133
63,128,133,52,66,140,145,145,7,76
106,123,97,191,38,88,94,67,81,135
66,167,74,170,157,4,4,111,108,83
154,1,65,94,128,109,44,45,160,117
170,105,127,167,125,36,164,88,153,24
79,152,49,58,29,139,92,145,193,140
96,114,110,115,15,137,4,129,43,74
170,45,189,65,48,105,107,177,175,120
32,179,14,51,175,14,41,105,20,169
72,126,84,159,44,118,11,78,43,176
162,191,177,197,168,122,160,164,17,199
196,181,18,164,118,164,59,149,2,187
67,76,153,157,10,180,52,29,170,139
132,83,157,191,55,73,183,4,129,142
66,51,190,112,189,187,53,79,144,103
118,179,7,195,42,39,175,11,12,73
58,98,173,16,149,83,194,141,122,134
65,39,50,44,123,99,75,84,139,7
82,103,61,199,159,180,192,160,151,194
164,35,25,155,12,92,149,139,54,7
21,73,49,191,92,74,190,190,36,20
174,197,57,34,160,112,184,48,127,138
151,23,152,41,180,89,41,71,101,117
65,86,128,169,119,128,198,125,79,45
48,144,75,24,174,11,6,60,71,171
129,1,147,162,84,21,181,44,81,63
162,93,160,141,59,194,44,194,75,41
2,168,93,145,124,60,86,86,166,88
22,79,80,75,170,132,48,192,106,154
71,154,143,87,7,73,7,146,24,148
190,171,22,160,193,36,42,128,158,42
79,196,186,104,6,21,73,114,99,182
48,5,165,68,92,100,177,51,23,68
166,109,135,158,6,36,140,50,185,79
185,48,63,67,82,171,26,78,182,193
85,66,2,127,36,76,175,44,77,137
71,163,2,68,77,131,121,90,122,121
191,32,154,179,109,172,55,115,131,93
30,1,171,42,111,125,45,164,193,134
54,134,128,167,32,14,38,85,85,21
190,18,199,54,27,141,72,170,16,30
28,148,116,135,15,32,172,177,110,38
188,8,151,79,179,74,13,105,90,117
152,189,147,83,69,156,104,104,13,8
165,119,25,83,4,119,61,154,89,151
33,39,93,176,127,149,170,67,27,102
46,174,60,91,100,42,129,60,38,60
173,118,139,84,60,77,78,196,147,181
3,126,121,80,84,24,77,191,110,132
118,145,168,93,127,86,136,92,157,98
69,194,103,71,114,31,46,136,75,137
72,35,120,60,199,106,75,107,180,152
127,146,25,134,169,130,124,149,26,33
98,172,112,62,146,43,135,32,157,32
12,183,183,137,73,94,94,134,153,97
188,126,18,160,174,129,158,77,143,171
138,193,51,15,115,139,110,55,14,63
19,105,67,182,6,97,160,142,71,155
50,14,18,44,151,44,75,89,196,92
33,36,119,127,107,34,110,47,196,108
152,138,198,186,127,153,131,159,64,11
62,128,135,104,132,28,192,149,27,26
164,115,199,139,59,193,183,185,111,81
140,71,162,142,135,186,31,14,130,134
187,81,49,154,105,55,175,3,25,6
195,52,139,55,44,63,73,85,77,115
181,197,70,41,157,34,167,80,144,137
161,19,27,163,82,160,131,142,185,3
98,77,67,197,72,34,29,15,60,86
85,105,84,51,163,6,165,26,62,116
39,156,85,56,71,181,153,34,188,87
170,86,92,103,147,2,157,80,132,16
153,174,33,129,69,72,24,111,105,18
44,187,1,171,17,76,153,25,63,12
185,94,114,117,192,147,161,128,174,33
171,116,4,54,174,135,24,34,22,142
62,176,24,36,142,188,85,40,92,123
98,60,73,71,157,53,34,134,135,162
24,137,175,188,44,138,172,182,51,109
4,102,114,36,127,135,137,100,70,92
114,23,13,128,105,70,23,98,24,134
106,161,179,55,9,86,119,189,136,130
153,160,75,197,70,107,119,79,31,180
171,18,137,33,63,39,43,111,84,95
88,155,75,47,80,167,74,92,89,78
81,114,177,99,69,121,163,100,58,192
88,33,74,74,97,105,144,80,192,52
52,5,184,180,1,21,42,106,73,89
37,28,81,4,28,19,111,27,108,183
194,30,111,94,10,74,138,47,172,180
170,72,58,92,45,63,101,59,5,69
144,53,39,26,128,157,150,28,43,68
101,72,64,178,84,94,41,189,187,153
168,78,53,10,108,125,61,61,66,44
184,45,71,183,133,36,54,19,67,194
151,69,187,199,145,6,149,160,42,33
13,180,33,104,142,141,18,183,61,94
70,80,145,27,127,193,42,84,197,58
48,67,153,35,68,100,134,120,86,3
38,3,52,47,62,11,112,124,112,21
169,12,159,154,172,102,115,141,44,185
110,187,15,153,24,167,153,112,158,191
153,190,153,187,116,77,141,84,150,56
13,116,53,9,84,28,57,111,17,93
179,3,161,119,106,119,71,157,109,50
87,22,187,58,55,35,69,68,172,70
190,24,166,115,90,25,94,115,5,56
55,148,29,151,155,82,145,68,173,109
20,54,19,117,15,196,17,11,139,64
44,189,129,93,66,198,38,83,9,181
36,176,73,168,32,7,174,173,161,27
101,2,67,163,96,40,90,197,109,159
31,172,199,96,18,58,102,119,156,157
147,194,171,3,173,137,198,99,11,123
187,94,4,132,26,3,54,112,197,109
163,52,24,116,10,169,130,50,155,114
131,76,124,99,137,124,117,47,39,66
65,68,100,19,133,192,196,39,77,86
11,55,148,12,110,65,166,32,48,154
102,59,91,63,177,100,196,165,141,89
124,84,47,100,32,151,20,129,115,3
57,63,6,159,23,188,190,43,64,194
18,199,64,64,177,108,181,42,3,134
133,173,149,145,31,56,69,27,121,177
83,132,190,40,174,16,45,137,30,195
40,80,154,138,69,93,49,188,78,13
148,136,27,175,31,106,115,111,148,37
187,161,96,35,151,3,140,72,172,135
1,44,199,27,137,126,29,2,147,23
11,186,45,132,143,195,27,59,132,27
65,35,55,183,107,1,101,60,197,163
84,33,54,121,54,189,166,55,75,165
34,15,162,194,4,98,125,179,180,14
126,98,117,31,31,163,143,127,36,86
127,132,24,153,130,73,50,157,82,138
46,89,122,67,79,7,58,52,191,41
118,172,8,82,106,47,87,197,72,142
162,187,191,161,38,118,104,106,26,79
158,19,179,133,78,77,158,8,3,99
1,102,55,4,157,15,170,17,27,87
181,12,149,173,144,49,101,57,150,33
85,69,47,17,60,107,37,80,150,189
138,115,178,176,64,68,88,190,12,170
1,32,101,37,61,164,152,130,43,192
26,110,64,17,3,41,81,12,107,128
159,53,187,127,75,184,61,13,192,6
126,94,161,180,50,14,85,196,188,156
32,83,68,17,30,165,13,27,135,115
23,126,10,54,122,167,177,21,195,162
168,124,28,115,113,179,98,26,167,112
25,149,139,67,33,190,44,40,164,119
118,6,111,122,19,55,137,94,174,116
112,189,137,8,104,170,189,159,125,18
34,185,181,121,150,94,183,52,59,89
85,125,61,95,110,58,196,134,112,68
158,172,119,95,6,17,92,154,107,20
183,116,125,35,9,144,134,75,142,119
85,13,12,181,65,88,126,183,183,109
118,145,59,108,21,31,160,120,169,12
123,76,170,141,34,116,189,37,52,20
136,176,54,194,156,117,74,26,27,121
14,167,52,134,70,149,122,193,85,43
157,109,110,168,149,33,103,162,156,16
69,2,42,183,62,108,12,41,164,53
128,53,164,86,18,46,187,90,175,53
62,132,181,123,147,6,7,160,45,141
44,136,189,137,81,97,35,58,71,62
131,15,180,90,187,61,196,138,30,176
15,46,85,186,108,10,124,21,84,62
63,108,124,153,137,173,73,96,104,191
149,113,9,98,118,26,197,22,145,154
65,1,130,199,39,61,82,44,20,154
179,161,194,96,139,78,188,134,20,116
195,170,59,113,59,151,186,131,132,137
67,76,34,34,180,120,12,107,8,106
55,113,110,153,156,43,115,137,149,70
193,22,37,151,119,29,119,31,96,149
6,188,28,164,47,98,7,73,123,100
3,166,185,129,179,138,184,87,91,55
125,56,78,46,97,53,101,28,54,37
149,87,130,131,34,52,76,25,92,7
198,84,199,133,10,26,196,6,135,182
155,140,87,62,153,19,75,82,123,40
27,80,181,76,199,147,42,163,153,193
134,176,184,14,122,145,43,144,171,59
79,142,66,40,89,54,128,19,6,129
178,79,174,133,37,28,115,3,166,30
19,42,72,55,101,25,52,100,182,98
94,134,117,95,158,1,157,119,8,39
28,156,59,110,186,167,36,43,164,34
139,181,41,177,46,100,138,90,28,171
96,20,177,61,52,29,48,84,113,86
138,33,113,57,107,60,45,54,148,116
47,172,51,78,35,154,141,162,50,21
17,94,150,25,160,197,10,91,79,101
76,82,170,58,137,178,8,61,186,111
149,85,157,74,199,2,138,139,90,104
145,100,30,45,124,137,22,172,132,71
141,125,106,62,96,164,27,91,161,144
180,163,103,196,32,92,129,107,118,187
55,64,110,156,52,25,2,22,43,95
111,113,130,74,140,77,37,16,40,87
136,95,21,51,111,100,15,17,176,76
60,82,148,117,169,198,171,153,42,10
84,52,164,129,79,66,64,116,195,43
78,117,23,126,74,118,64,142,122,9
110,117,185,77,157,68,11,85,145,131
109,179,89,39,10,158,39,12,63,136
111,56,139,38,70,123,137,119,57,34
151,116,12,183,47,134,29,74,127,167
56,187,3,113,14,32,151,149,9,87
154,140,106,116,5,95,113,68,182,123
53,116,51,108,168,165,34,68,18,177
73,41,69,93,101,104,137,113,136,125
67,58,108,181,131,3,41,153,163,172
154,145,144,197,156,82,109,99,24,137
101,124,93,139,130,46,75,134,183,74
64,11,97,143,131,5,188,100,154,87
162,4,46,197,169,177,150,34,170,100
94,17,167,36,132,7,83,119,133,198
39,35,112,144,197,116,128,28,36,33
110,80,131,10,77,140,83,190,84,197
186,109,25,67,132,3,17,5,32,187
114,86,146,173,87,97,176,81,22,154
177,5,61,97,81,198,97,179,86,88
43,97,93,150,184,28,148,199,196,177
51,16,124,168,54,116,2,18,179,88
136,191,61,109,72,144,98,41,134,179
110,77,106,119,31,126,5,197,146,71
184,169,9,57,10,28,161,160,12,107
63,109,179,199,84,100,178,64,56,127
44,74,88,41,56,99,165,33,25,38
182,42,56,130,191,173,74,40,190,179
23,46,182,120,9,97,168,52,147,53
108,48,56,199,34,121,17,184,140,19
56,5,186,48,138,136,183,20,164,139
107,180,93,101,153,155,20,120,3,80
157,116,118,134,49,189,93,93,114,159
92,168,166,73,115,194,173,135,84,19
21,38,14,27,31,10,77,60,96,39
109,45,36,184,187,67,159,66,36,66
137,55,53,84,15,98,51,66,164,50
178,42,37,50,123,170,84,103,181,163
126,98,13,126,190,124,102,25,45,184
121,24,138,2,50,4,154,27,151,11
49,90,30,83,40,46,178,159,123,101
94,129,45,149,90,46,3,155,108,190
89,145,16,118,133,80,97,77,19,179
198,140,7,129,5,7,131,70,98,45
93,60,92,128,138,37,23,2,99,171
170,30,183,62,36,60,61,162,101,173
121,36,126,151,192,172,132,109,66,123
73,144,32,105,92,28,115,86,35,51
157,122,144,90,132,46,71,96,96,167
84,105,159,153,121,140,92,148,17,80
58,99,163,155,79,133,159,58,75,180
158,25,62,62,53,24,27,54,130,64
4,79,162,9,114,169,177,68,92,88
176,17,10,7,95,118,44,145,179,75
166,191,180,1,56,84,62,74,152,56
28,110,175,164,78,183,184,69,57,46
165,130,112,73,164,170,156,74,48,27
8,182,30,91,179,116,76,65,122,35
77,78,122,98,112,179,183,68,185,46
75,81,61,79,14,38,135,166,147,153
1,14,93,79,80,130,141,168,80,94
109,42,175,155,10,161,78,15,151,190
94,42,176,89,131,38,91,108,5,23
69,6,43,19,1,115,113,108,87,133
82,159,90,137,140,190,150,34,104,37
124,26,58,35,104,25,169,54,52,20
116,83,61,162,20,188,134,40,158,29
171,25,46,158,130,170,143,94,116,111
183,82,53,66,125,162,47,134,105,12
120,94,128,24,104,6,81,48,133,7
8,64,106,187,189,109,112,14,48,71
192,82,142,79,154,141,66,33,37,139
114,100,55,86,73,69,121,73,38,72
52,101,158,99,59,51,118,121,147,134
26,71,176,164,69,183,39,133,30,29
103,80,131,2,27,125,137,43,148,63
1,129,11,95,150,182,74,180,47,5
53,97,45,154,79,38,154,143,172,170
83,103,143,17,5,180,97,93,81,17
175,90,185,124,198,85,188,1,87,31
52,60,169,43,90,149,82,53,182,162
61,53,121,42,141,108,43,133,6,55
181,35,197,170,44,90,39,166,38,158
75,193,145,109,24,103,100,122,146,3
134,151,153,102,41,184,15,199,117,77
188,173,47,35,51,193,156,99,107,176
